0,0,1,0,1,0,-1,0,0,0,0,0.5,0
0,0,1,0,1,0,-1,0,0,1.1175123873038e-08,0,0.500000001474028,0
0,0,1,0,1,0,-1,0,0,8.92667149713077e-08,0,0.500000011774515,0
0,0,1,0,1,0,-1,0,0,3.00822344828895e-07,0,0.50000003967926,0
0,0,1,0,1,0,-1,0,0,7.11987887346299e-07,0,0.500000093913079,0
-1.27336420565114e-06,0,0.999999999999189,0,1,0,-0.999999999999189,0,-1.27336420565114e-06,1.38850844282324e-06,0,0.500000183147025,0
-2.19705920388639e-06,0,0.999999999997586,0,1,0,-0.999999999997586,0,-2.19705920388639e-06,2.39572890952283e-06,0,0.500000316000281,0
-3.48359013915601e-06,0,0.999999999993932,0,1,0,-0.999999999993932,0,-3.48359013915601e-06,3.79859509414917e-06,0,0.500000501037976,0
-5.19215149997501e-06,0,0.999999999986521,0,1,0,-0.999999999986521,0,-5.19215149997501e-06,5.6616543997543e-06,0,0.500000746772188,0
-7.38157309096448e-06,0,0.999999999972756,0,1,0,-0.999999999972756,0,-7.38157309096448e-06,8.04905669687893e-06,0,0.500001061661574,0
-1.0110320773318e-05,0,0.999999999948891,0,1,0,-0.999999999948891,0,-1.0110320773318e-05,1.10245551687408e-05,0,0.500001454111191,0
-1.34364972052631e-05,0,0.99999999990973,0,1,0,-0.99999999990973,0,-1.34364972052631e-05,1.46515071608566e-05,0,0.500001932472276,0
-1.74178425825149e-05,0,0.999999999848309,0,1,0,-0.999999999848309,0,-1.74178425825149e-05,1.89928750353986e-05,0,0.500002505042003,0
-2.21117353787208e-05,0,0.999999999755536,0,1,0,-0.999999999755536,0,-2.21117353787208e-05,2.41112270295323e-05,0,0.500003180063202,0
-2.75751930858911e-05,0,0.999999999619804,0,1,0,-0.999999999619804,0,-2.75751930858911e-05,3.00687381183394e-05,0,0.500003965724041,0
-3.38648729548144e-05,0,0.999999999426585,0,1,0,-0.999999999426585,0,-3.38648729548144e-05,3.69271908816503e-05,0,0.500004870157685,0
-4.10370727354506e-05,0,0.999999999157979,0,1,0,-0.999999999157979,0,-4.10370727354506e-05,4.47479763750385e-05,0,0.500005901441919,0
-4.91477314172999e-05,0,0.99999999879225,0,1,0,-0.99999999879225,0,-4.91477314172999e-05,5.35920950046022e-05,0,0.500007067598744,0
-5.82524299697397e-05,0,0.999999998303327,0,1,0,-0.999999998303327,0,-5.82524299697397e-05,6.35201574057055e-05,0,0.500008376593938,0
-6.84063920823242e-05,0,0.999999997660283,0,1,0,-0.999999997660283,0,-6.84063920823242e-05,7.45923853253665e-05,0,0.5000098363366,0
-7.96644849050404e-05,0,0.999999996826785,0,1,0,-0.999999996826785,0,-7.96644849050404e-05,8.68686125082546e-05,0,0.500011454678649,0
-9.20812197885117e-05,0,0.999999995760524,0,1,0,-0.999999995760524,0,-9.20812197885117e-05,0.000100408285586112,0,0.500013239414318,0
-0.000105710753024142,0,0.999999994412618,0,1,0,-0.999999994412618,0,-0.000105710753024142,0.000115270464970767,0,0.500015198279598,0
-0.000120606886584189,0,0.999999992726989,0,1,0,-0.999999992726989,0,-0.000120606886584189,0.000131513825750232,0,0.500017338951676,0
-0.000136823068861761,0,0.999999990639724,0,1,0,-0.999999990639724,0,-0.000136823068861761,0.000149196658588118,0,0.500019669048339,0
-0.000154412395410721,0,0.999999988078406,0,1,0,-0.999999988078406,0,-0.000154412395410721,0.000168376870626049,0,0.500022196127355,0
-0.000173427609685489,0,0.999999984961432,0,1,0,-0.999999984961432,0,-0.000173427609685489,0.000189111986389093,0,0.500024927685828,0
-0.000193921103780733,0,0.999999981197303,0,1,0,-0.999999981197303,0,-0.000193921103780733,0.000211459148694086,0,0.500027871159538,0
-0.00021594491917093,0,0.999999976683896,0,1,0,-0.999999976683896,0,-0.00021594491917093,0.000235475119560715,0,0.50003103392225,0
-0.000239550747449789,0,0.999999971307719,0,1,0,-0.999999971307719,0,-0.000239550747449789,0.000261216281125136,0,0.500034423285011,0
-0.000264789931069509,0,0.999999964943146,0,1,0,-0.999999964943146,0,-0.000264789931069509,0.000288738636556427,0,0.500038046495413,0
-0.00029171346407988,0,0.999999957451627,0,1,0,-0.999999957451627,0,-0.00029171346407988,0.000318097810975155,0,0.500041910736853,0
-0.000320371992867175,0,0.999999948680892,0,1,0,-0.999999948680892,0,-0.000320371992867175,0.000349349052374559,0,0.500046023127758,0
-0.000350815816892854,0,0.999999938464129,0,1,0,-0.999999938464129,0,-0.000350815816892854,0.000382547232543889,0,0.500050390720801,0
-0.000383094889432032,0,0.99999992661915,0,1,0,-0.99999992661915,0,-0.000383094889432032,0.000417746847993769,0,0.500055020502096,0
-0.000417258818311701,0,0.999999912947535,0,1,0,-0.999999912947535,0,-0.000417258818311701,0.000455002020883824,0,0.500059919390373,0
-0.000453356866648695,0,0.99999989723377,0,1,0,-0.99999989723377,0,-0.000453356866648695,0.000494366499951977,0,0.500065094236141,0
-0.000491437953587363,0,0.999999879244362,0,1,0,-0.999999879244362,0,-0.000491437953587363,0.00053589366144582,0,0.500070551820831,0
-0.000531550655036932,0,0.999999858726941,0,1,0,-0.999999858726941,0,-0.000531550655036932,0.000579636510055474,0,0.500076298855924,0
-0.000573743204408546,0,0.999999835409354,0,1,0,-0.999999835409354,0,-0.000573743204408546,0.000625647679848243,0,0.500082341982067,0
-0.000618063493351939,0,0.999999808998741,0,1,0,-0.999999808998741,0,-0.000618063493351939,0.000673979435204602,0,0.500088687768171,0
-0.000664559072491739,0,0.999999779180595,0,1,0,-0.999999779180595,0,-0.000664559072491739,0.000724683671755799,0,0.500095342710493,0
-0.000713277152163359,0,0.99999974561782,0,1,0,-0.99999974561782,0,-0.000713277152163359,0.000777811917322555,0,0.500102313231715,0
-0.000764264603148459,0,0.999999707949766,0,1,0,-0.999999707949766,0,-0.000764264603148459,0.000833415332855056,0,0.500109605679998,0
-0.000817567957409949,0,0.999999665791262,0,1,0,-0.999999665791262,0,-0.000817567957409949,0.000891544713373998,0,0.500117226328032,0
-0.000873233408826502,0,0.999999618731634,0,1,0,-0.999999618731634,0,-0.000873233408826502,0.000952250488912631,0,0.500125181372072,0
-0.000931306813926555,0,0.999999566333715,0,1,0,-0.999999566333715,0,-0.000931306813926555,0.00101558272545965,0,0.500133476930959,0
-0.000991833692621757,0,0.999999508132842,0,1,0,-0.999999508132842,0,-0.000991833692621757,0.0010815911259029,0,0.500142119045142,0
-0.00105485922893985,0,0.999999443635849,0,1,0,-0.999999443635849,0,-0.00105485922893985,0.00115032503097369,0,0.500151113675676,0
-0.00112042827175694,0,0.999999372320047,0,1,0,-0.999999372320047,0,-0.00112042827175694,0.00122183342019165,0,0.50016046670322,0
-0.00118858533552911,0,0.999999293632201,0,1,0,-0.999999293632201,0,-0.00118858533552911,0.00129616491281017,0,0.500170183927023,0
-0.00125937460102339,0,0.999999206987493,0,1,0,-0.999999206987493,0,-0.00125937460102339,0.00137336776876197,0,0.500180271063904,0
-0.00133283991604802,0,0.999999111768485,0,1,0,-0.999999111768485,0,-0.00133283991604802,0.00145348988960506,0,0.50019073374722,0
-0.00140902479618192,0,0.999999007324069,0,1,0,-0.999999007324069,0,-0.00140902479618192,0.00153657881946889,0,0.500201577525831,0
-0.00148797242550346,0,0.999998892968418,0,1,0,-0.999998892968418,0,-0.00148797242550346,0.0016226817460003,0,0.500212807863056,0
-0.00156972565731837,0,0.999998767979921,0,1,0,-0.999998767979921,0,-0.00156972565731837,0.0017118455013096,0,0.500224430135624,0
-0.00165432701488681,0,0.999998631600128,0,1,0,-0.999998631600128,0,-0.00165432701488681,0.00180411656291641,0,0.500236449632616,0
-0.00174181869214958,0,0.999998483032671,0,1,0,-0.999998483032671,0,-0.00174181869214958,0.00189954105469515,0,0.500248871554409,0
-0.00183224255445338,0,0.999998321442202,0,1,0,-0.999998321442202,0,-0.00183224255445338,0.00199816474782018,0,0.500261701011607,0
-0.00192564013927512,0,0.999998145953308,0,1,0,-0.999998145953308,0,-0.00192564013927512,0.00210003306171049,0,0.500274943023972,0
-0.00202205265694523,0,0.999997955649437,0,1,0,-0.999997955649437,0,-0.00202205265694523,0.00220519106497373,0,0.50028860251935,0
-0.00212152099136996,0,0.999997749571809,0,1,0,-0.999997749571809,0,-0.00212152099136996,0.00231368347634951,0,0.500302684332597,0
-0.00222408570075257,0,0.999997526718339,0,1,0,-0.999997526718339,0,-0.00222408570075257,0.00242555466565195,0,0.500317193204496,0
-0.00232978701831338,0,0.999997286042542,0,1,0,-0.999997286042542,0,-0.00232978701831338,0.00254084865471126,0,0.500332133780675,0
-0.00243866485300874,0,0.999997026452446,0,1,0,-0.999997026452446,0,-0.00243866485300874,0.00265960911831437,0,0.500347510610526,0
-0.00255075879024876,0,0.999996746809505,0,1,0,-0.999996746809505,0,-0.00255075879024876,0.00278187938514433,0,0.500363328146116,0
-0.00266610809261376,0,0.999996445927504,0,1,0,-0.999996445927504,0,-0.00266610809261376,0.00290770243871858,0,0.5003795907411,0
-0.0027847517005695,0,0.999996122571466,0,1,0,-0.999996122571466,0,-0.0027847517005695,0.00303712091832587,0,0.500396302649636,0
-0.00290672823318105,0,0.999995775456566,0,1,0,-0.999995775456566,0,-0.00290672823318105,0.00317017711996168,0,0.500413468025295,0
-0.00303207598882533,0,0.999995403247034,0,1,0,-0.999995403247034,0,-0.00303207598882533,0.00330691299726219,0,0.500431090919973,0
-0.00316083294590219,0,0.999995004555067,0,1,0,-0.999995004555067,0,-0.00316083294590219,0.0034473701624366,0,0.500449175282807,0
-0.00329303676354407,0,0.999994577939738,0,1,0,-0.999994577939738,0,-0.00329303676354407,0.00359158988719764,0,0.500467724959084,0
-0.00342872478232418,0,0.999994121905908,0,1,0,-0.999994121905908,0,-0.00342872478232418,0.00373961310369031,0,0.500486743689161,0
-0.00356793402496307,0,0.99999363490314,0,1,0,-0.99999363490314,0,-0.00356793402496307,0.00389148040541871,0,0.500506235107379,0
-0.00371070119703372,0,0.999993115324614,0,1,0,-0.999993115324614,0,-0.00371070119703372,0.00404723204817072,0,0.50052620274098,0
-0.0038570626876649,0,0.999992561506046,0,1,0,-0.999992561506046,0,-0.0038570626876649,0.00420690795094064,0,0.500546650009034,0
-0.00400705457024294,0,0.999991971724609,0,1,0,-0.999991971724609,0,-0.00400705457024294,0.00437054769684954,0,0.500567580221361,0
-0.00416071260311173,0,0.999991344197856,0,1,0,-0.999991344197856,0,-0.00416071260311173,0.00453819053406334,0,0.500588996577456,0
-0.004318072230271,0,0.999990677082649,0,1,0,-0.999990677082649,0,-0.004318072230271,0.00470987537670835,0,0.500610902165424,0
-0.00447916858207275,0,0.999989968474091,0,1,0,-0.999989968474091,0,-0.00447916858207275,0.00488564080578436,0,0.500633299960915,0
-0.00464403647591588,0,0.999989216404462,0,1,0,-0.999989216404462,0,-0.00464403647591588,0.00506552507007509,0,0.500656192826061,0
-0.00481271041693889,0,0.99998841884216,0,1,0,-0.99998841884216,0,-0.00481271041693889,0.00524956608705594,0,0.500679583508425,0
-0.00498522459871065,0,0.999987573690644,0,1,0,-0.999987573690644,0,-0.00498522459871065,0.0054378014437988,0,0.500703474639946,0
-0.00516161290391923,0,0.999986678787388,0,1,0,-0.999986678787388,0,-0.00516161290391923,0.00563026839787417,0,0.500727868735895,0
-0.00534190890505862,0,0.999985731902836,0,1,0,-0.999985731902836,0,-0.00534190890505862,0.00582700387825005,0,0.50075276819384,0
-0.00552614586511346,0,0.999984730739364,0,1,0,-0.999984730739364,0,-0.00552614586511346,0.00602804448618784,0,0.500778175292607,0
-0.0057143567382416,0,0.999983672930247,0,1,0,-0.999983672930247,0,-0.0057143567382416,0.00623342649613511,0,0.500804092191255,0
-0.00590657417045456,0,0.999982556038639,0,1,0,-0.999982556038639,0,-0.00590657417045456,0.00644318585661495,0,0.500830520928056,0
-0.0061028305002957,0,0.999981377556545,0,1,0,-0.999981377556545,0,-0.0061028305002957,0.00665735819111206,0,0.500857463419486,0
-0.00630315775951626,0,0.999980134903818,0,1,0,-0.999980134903818,0,-0.00630315775951626,0.00687597879895528,0,0.50088492145921,0
-0.00650758767374898,0,0.999978825427153,0,1,0,-0.999978825427153,0,-0.00650758767374898,0.00709908265619671,0,0.500912896717094,0
-0.00671615166317954,0,0.999977446399086,0,1,0,-0.999977446399086,0,-0.00671615166317954,0.00732670441648712,0,0.500941390738207,0
-0.00692888084321545,0,0.999975995017011,0,1,0,-0.999975995017011,0,-0.00692888084321545,0.00755887841194756,0,0.500970404941842,0
-0.00714580602515269,0,0.999974468402194,0,1,0,-0.999974468402194,0,-0.00714580602515269,0.00779563865403728,0,0.500999940620547,0
-0.00736695771683981,0,0.999972863598807,0,1,0,-0.999972863598807,0,-0.00736695771683981,0.00803701883441777,0,0.501029998939151,0
-0.0075923661233395,0,0.999971177572958,0,1,0,-0.999971177572958,0,-0.0075923661233395,0.00828305232581271,0,0.501060580933817,0
-0.00782206114758771,0,0.999969407211742,0,1,0,-0.999969407211742,0,-0.00782206114758771,0.00853377218286397,0,0.501091687511091,0
-0.00805607239105011,0,0.999967549322292,0,1,0,-0.999967549322292,0,-0.00805607239105011,0.0087892111429834,0,0.501123319446969,0
-0.00829442915437596,0,0.999965600630843,0,1,0,-0.999965600630843,0,-0.00829442915437596,0.00904940162720049,0,0.501155477385966,0
-0.00853716043804934,0,0.99996355778181,0,1,0,-0.99996355778181,0,-0.00853716043804934,0.00931437574100561,0,0.501188161840206,0
-0.00878429494303763,0,0.999961417336866,0,1,0,-0.999961417336866,0,-0.00878429494303763,0.00958416527518904,0,0.50122137318851,0
-0.00903586107143731,0,0.99995917577404,0,1,0,-0.99995917577404,0,-0.00903586107143731,0.00985880170667539,0,0.501255111675504,0
-0.00929188692711693,0,0.99995682948682,0,1,0,-0.99995682948682,0,-0.00929188692711693,0.0101383161993536,0,0.501289377410735,0
-0.00955240031635732,0,0.999954374783268,0,1,0,-0.999954374783268,0,-0.00955240031635732,0.0104227396049022,0,0.501324170367796,0
-0.00981742874848889,0,0.999951807885144,0,1,0,-0.999951807885144,0,-0.00981742874848889,0.0107121024636103,0,0.501359490383466,0
-0.0100869994365261,0,0.999949124927047,0,1,0,-0.999949124927047,0,-0.0100869994365261,0.0110064350051932,0,0.50139533715686,0
-0.010361139297799,0,0.99994632195556,0,1,0,-0.99994632195556,0,-0.010361139297799,0.0113057671496038,0,0.50143171024859,0
-0.0106398749545817,0,0.999943394928408,0,1,0,-0.999943394928408,0,-0.0106398749545817,0.0116101285078386,0,0.501468609079943,0
-0.0109232327347181,0,0.999940339713637,0,1,0,-0.999940339713637,0,-0.0109232327347181,0.0119195483827394,0,0.501506032932059,0
-0.0112112386722444,0,0.999937152088787,0,1,0,-0.999937152088787,0,-0.0112112386722444,0.0122340557697891,0,0.501543980945139,0
-0.0115039185080086,0,0.999933827740097,0,1,0,-0.999933827740097,0,-0.0115039185080086,0.0125536793579036,0,0.501582452117653,0
-0.0118012976902867,0,0.999930362261705,0,1,0,-0.999930362261705,0,-0.0118012976902867,0.0128784475302171,0,0.501621445305565,0
-0.0121034013753965,0,0.999926751154876,0,1,0,-0.999926751154876,0,-0.0121034013753965,0.0132083883648636,0,0.50166095922157,0
-0.0124102544283073,0,0.999922989827229,0,1,0,-0.999922989827229,0,-0.0124102544283073,0.0135435296357525,0,0.501700992434349,0
-0.0127218814232471,0,0.999919073591985,0,1,0,-0.999919073591985,0,-0.0127218814232471,0.0138838988133385,0,0.501741543367831,0
-0.0130383066443061,0,0.999914997667226,0,1,0,-0.999914997667226,0,-0.0130383066443061,0.0142295230653867,0,0.501782610300471,0
-0.0133595540860379,0,0.99991075717517,0,1,0,-0.99991075717517,0,-0.0133595540860379,0.0145804292577325,0,0.501824191364549,0
-0.0136856474540559,0,0.999906347141453,0,1,0,-0.999906347141453,0,-0.0136856474540559,0.0149366439550351,0,0.50186628454547,0
-0.014016610165628,0,0.999901762494429,0,1,0,-0.999901762494429,0,-0.014016610165628,0.0152981934215263,0,0.501908887681089,0
-0.0143524653502672,0,0.999896998064485,0,1,0,-0.999896998064485,0,-0.0143524653502672,0.0156651036217531,0,0.501951998461048,0
-0.0146932358503185,0,0.999892048583369,0,1,0,-0.999892048583369,0,-0.0146932358503185,0.0160374002213154,0,0.501995614426122,0
-0.0150389442215436,0,0.999886908683528,0,1,0,-0.999886908683528,0,-0.0150389442215436,0.0164151085875972,0,0.502039732967593,0
-0.0153896127337011,0,0.999881572897464,0,1,0,-0.999881572897464,0,-0.0153896127337011,0.0167982537904926,0,0.502084351326623,0
-0.0157452633711237,0,0.999876035657108,0,1,0,-0.999876035657108,0,-0.0157452633711237,0.0171868606031259,0,0.502129466593653,0
-0.0161059178332926,0,0.999870291293199,0,1,0,-0.999870291293199,0,-0.0161059178332926,0.0175809535025658,0,0.502175075707815,0
-0.0164715975354074,0,0.999864334034689,0,1,0,-0.999864334034689,0,-0.0164715975354074,0.0179805566705337,0,0.502221175456359,0
-0.0168423236089531,0,0.99985815800815,0,1,0,-0.99985815800815,0,-0.0168423236089531,0.0183856939941067,0,0.502267762474094,0
-0.017218116902264,0,0.999851757237212,0,1,0,-0.999851757237212,0,-0.017218116902264,0.0187963890664136,0,0.502314833242848,0
-0.0175989979810835,0,0.999845125641998,0,1,0,-0.999845125641998,0,-0.0175989979810835,0.0192126651873257,0,0.502362384090943,0
-0.0179849871291205,0,0.99983825703859,0,1,0,-0.99983825703859,0,-0.0179849871291205,0.0196345453641417,0,0.502410411192683,0
-0.0183761043486027,0,0.999831145138502,0,1,0,-0.999831145138502,0,-0.0183761043486027,0.020062052312266,0,0.502458910567865,0
-0.0187723693608262,0,0.999823783548171,0,1,0,-0.999823783548171,0,-0.0187723693608262,0.0204952084558812,0,0.502507878081298,0
-0.0191738016067013,0,0.999816165768461,0,1,0,-0.999816165768461,0,-0.0191738016067013,0.0209340359286148,0,0.502557309442348,0
-0.0195804202472951,0,0.999808285194186,0,1,0,-0.999808285194186,0,-0.0195804202472951,0.0213785565741993,0,0.502607200204489,0
-0.0199922441643706,0,0.99980013511365,0,1,0,-0.99980013511365,0,-0.0199922441643706,0.0218287919471266,0,0.502657545764882,0
-0.0204092919609218,0,0.999791708708196,0,1,0,-0.999791708708196,0,-0.0204092919609218,0.0222847633132957,0,0.502708341363959,0
-0.020831581961706,0,0.999782999051781,0,1,0,-0.999782999051781,0,-0.020831581961706,0.0227464916506549,0,0.502759582085039,0
-0.0212591322137718,0,0.999773999110558,0,1,0,-0.999773999110558,0,-0.0212591322137718,0.0232139976498374,0,0.502811262853945,0
-0.0216919604869841,0,0.999764701742481,0,1,0,-0.999764701742481,0,-0.0216919604869841,0.0236873017147904,0,0.502863378438647,0
-0.0221300842745452,0,0.999755099696922,0,1,0,-0.999755099696922,0,-0.0221300842745452,0.0241664239633987,0,0.502915923448926,0
-0.0225735207935125,0,0.999745185614307,0,1,0,-0.999745185614307,0,-0.0225735207935125,0.0246513842281015,0,0.502968892336046,0
-0.0230222869853126,0,0.999734952025769,0,1,0,-0.999734952025769,0,-0.0230222869853126,0.025142202056503,0,0.503022279392451,0
-0.0234763995162523,0,0.999724391352813,0,1,0,-0.999724391352813,0,-0.0234763995162523,0.0256388967119769,0,0.503076078751474,0
-0.0239358747780248,0,0.999713495907008,0,1,0,-0.999713495907008,0,-0.0239358747780248,0.0261414871742648,0,0.503130284387072,0
-0.0244007288882143,0,0.99970225788968,0,1,0,-0.99970225788968,0,-0.0244007288882143,0.0266499921400678,0,0.503184890113567,0
-0.0248709776907949,0,0.999690669391639,0,1,0,-0.999690669391639,0,-0.0248709776907949,0.0271644300236319,0,0.503239889585419,0
-0.0253466367566281,0,0.999678722392913,0,1,0,-0.999678722392913,0,-0.0253466367566281,0.027684818957328,0,0.503295276297003,0
-0.025827721383955,0,0.9996664087625,0,1,0,-0.9996664087625,0,-0.025827721383955,0.0282111767922243,0,0.503351043582414,0
-0.0263142465988863,0,0.999653720258137,0,1,0,-0.999653720258137,0,-0.0263142465988863,0.0287435210986533,0,0.50340718461529,0
-0.0268062271558878,0,0.999640648526093,0,1,0,-0.999640648526093,0,-0.0268062271558878,0.0292818691667725,0,0.503463692408645,0
-0.0273036775382636,0,0.999627185100969,0,1,0,-0.999627185100969,0,-0.0273036775382636,0.0298262380071181,0,0.503520559814728,0
-0.0278066119586346,0,0.999613321405523,0,1,0,-0.999613321405523,0,-0.0278066119586346,0.0303766443511534,0,0.5035777795249,0
-0.0283150443594144,0,0.99959904875051,0,1,0,-0.99959904875051,0,-0.0283150443594144,0.0309331046518105,0,0.503635344069525,0
-0.0288289884132817,0,0.999584358334536,0,1,0,-0.999584358334536,0,-0.0288289884132817,0.0314956350840255,0,0.503693245817884,0
-0.0293484575236488,0,0.999569241243938,0,1,0,-0.999569241243938,0,-0.0293484575236488,0.0320642515452679,0,0.503751476978106,0
-0.0298734648251273,0,0.999553688452672,0,1,0,-0.999553688452672,0,-0.0298734648251273,0.0326389696560636,0,0.503810029597117,0
-0.0304040231839902,0,0.999537690822226,0,1,0,-0.999537690822226,0,-0.0304040231839902,0.0332198047605119,0,0.503868895560608,0
-0.030940145198631,0,0.999521239101545,0,1,0,-0.999521239101545,0,-0.030940145198631,0.0338067719267959,0,0.503928066593025,0
-0.0314818432000186,0,0.99950432392698,0,1,0,-0.99950432392698,0,-0.0314818432000186,0.0343998859476875,0,0.503987534257571,0
-0.0320291292521502,0,0.999486935822249,0,1,0,-0.999486935822249,0,-0.0320291292521502,0.0349991613410453,0,0.504047289956234,0
-0.0325820151524997,0,0.999469065198419,0,1,0,-0.999469065198419,0,-0.0325820151524997,0.0356046123503072,0,0.504107324929831,0
-0.0331405124324641,0,0.999450702353905,0,1,0,-0.999450702353905,0,-0.0331405124324641,0.0362162529449767,0,0.504167630258069,0
-0.0337046323578057,0,0.999431837474485,0,1,0,-0.999431837474485,0,-0.0337046323578057,0.0368340968211032,0,0.504228196859628,0
-0.0342743859290919,0,0.999412460633338,0,1,0,-0.999412460633338,0,-0.0342743859290919,0.0374581574017558,0,0.504289015492266,0
-0.0348497838821314,0,0.999392561791096,0,1,0,-0.999392561791096,0,-0.0348497838821314,0.0380884478374919,0,0.504350076752933,0
-0.0354308366884073,0,0.999372130795911,0,1,0,-0.999372130795911,0,-0.0354308366884073,0.0387249810068197,0,0.504411371077912,0
-0.036017554555508,0,0.99935115738355,0,1,0,-0.99935115738355,0,-0.036017554555508,0.0393677695166541,0,0.504472888742983,0
-0.036609947427554,0,0.999329631177497,0,1,0,-0.999329631177497,0,-0.036609947427554,0.0400168257027676,0,0.504534619863593,0
-0.0372080249856221,0,0.999307541689078,0,1,0,-0.999307541689078,0,-0.0372080249856221,0.0406721616302352,0,0.504596554395059,0
-0.0378117966481673,0,0.999284878317608,0,1,0,-0.999284878317608,0,-0.0378117966481673,0.0413337890938729,0,0.504658682132782,0
-0.0384212715714412,0,0.999261630350547,0,1,0,-0.999261630350547,0,-0.0384212715714412,0.0420017196186716,0,0.504720992712483,0
-0.0390364586499074,0,0.999237786963681,0,1,0,-0.999237786963681,0,-0.0390364586499074,0.0426759644602242,0,0.504783475610457,0
-0.0396573665166551,0,0.999213337221318,0,1,0,-0.999213337221318,0,-0.0396573665166551,0.0433565346051476,0,0.504846120143849,0
-0.0402840035438087,0,0.999188270076507,0,1,0,-0.999188270076507,0,-0.0402840035438087,0.0440434407714995,0,0.504908915470946,0
-0.0409163778429356,0,0.999162574371265,0,1,0,-0.999162574371265,0,-0.0409163778429356,0.0447366934091888,0,0.504971850591491,0
-0.0415544972654515,0,0.999136238836834,0,1,0,-0.999136238836834,0,-0.0415544972654515,0.0454363027003812,0,0.505034914347015,0
-0.0421983694030221,0,0.999109252093947,0,1,0,-0.999109252093947,0,-0.0421983694030221,0.0461422785598995,0,0.505098095421188,0
-0.0428480015879636,0,0.999081602653116,0,1,0,-0.999081602653116,0,-0.0428480015879636,0.0468546306356176,0,0.505161382340191,0
-0.0435034008936395,0,0.999053278914937,0,1,0,-0.999053278914937,0,-0.0435034008936395,0.0475733683088506,0,0.505224763473105,0
-0.044164574134856,0,0.999024269170418,0,1,0,-0.999024269170418,0,-0.044164574134856,0.0482985006947384,0,0.50528822703232,0
-0.0448315278682546,0,0.998994561601312,0,1,0,-0.998994561601312,0,-0.0448315278682546,0.049030036642625,0,0.505351761073969,0
-0.0455042683927021,0,0.998964144280487,0,1,0,-0.998964144280487,0,-0.0455042683927021,0.0497679847364323,0,0.50541535349837,0
-0.0461828017496791,0,0.998933005172294,0,1,0,-0.998933005172294,0,-0.0461828017496791,0.0505123532950292,0,0.505478992050496,0
-0.0468671337236658,0,0.998901132132969,0,1,0,-0.998901132132969,0,-0.0468671337236658,0.051263150372595,0,0.505542664320463,0
-0.0475572698425258,0,0.998868512911046,0,1,0,-0.998868512911046,0,-0.0475572698425258,0.0520203837589791,0,0.505606357744037,0
-0.048253215377888,0,0.998835135147786,0,1,0,-0.998835135147786,0,-0.048253215377888,0.0527840609800549,0,0.505670059603155,0
-0.0489549753455265,0,0.998800986377626,0,1,0,-0.998800986377626,0,-0.0489549753455265,0.0535541892980694,0,0.505733757026475,0
-0.049662554505738,0,0.998766054028652,0,1,0,-0.998766054028652,0,-0.049662554505738,0.0543307757119881,0,0.505797436989937,0
-0.050375957363719,0,0.998730325423079,0,1,0,-0.998730325423079,0,-0.050375957363719,0.0551138269578351,0,0.505861086317349,0
-0.0510951881699389,0,0.998693787777755,0,1,0,-0.998693787777755,0,-0.0510951881699389,0.0559033495090295,0,0.505924691680986,0
-0.0518202509205136,0,0.998656428204683,0,1,0,-0.998656428204683,0,-0.0518202509205136,0.056699349576716,0,0.505988239602213,0
-0.0525511493575759,0,0.998618233711561,0,1,0,-0.998618233711561,0,-0.0525511493575759,0.057501833110093,0,0.506051716452128,0
-0.0532878869696455,0,0.998579191202335,0,1,0,-0.998579191202335,0,-0.0532878869696455,0.0583108057967342,0,0.506115108452219,0
-0.0540304669919965,0,0.998539287477777,0,1,0,-0.998539287477777,0,-0.0540304669919965,0.0591262730629085,0,0.506178401675043,0
-0.0547788924070245,0,0.998498509236073,0,1,0,-0.998498509236073,0,-0.0547788924070245,0.0599482400738941,0,0.506241582044928,0
-0.0555331659446114,0,0.998456843073434,0,1,0,-0.998456843073434,0,-0.0555331659446114,0.0607767117342891,0,0.506304635338685,0
-0.0562932900824903,0,0.998414275484725,0,1,0,-0.998414275484725,0,-0.0562932900824903,0.0616116926883186,0,0.506367547186346,0
-0.0570592670466072,0,0.998370792864106,0,1,0,-0.998370792864106,0,-0.0570592670466072,0.0624531873201377,0,0.506430303071919,0
-0.0578310988114839,0,0.998326381505696,0,1,0,-0.998326381505696,0,-0.0578310988114839,0.0633011997541306,0,0.506492888334163,0
-0.0586087871005785,0,0.998281027604251,0,1,0,-0.998281027604251,0,-0.0586087871005785,0.0641557338552067,0,0.506555288167377,0
-0.0593923333866452,0,0.998234717255861,0,1,0,-0.998234717255861,0,-0.0593923333866452,0.0650167932290929,0,0.506617487622217,0
-0.0601817388920935,0,0.998187436458666,0,1,0,-0.998187436458666,0,-0.0601817388920935,0.0658843812226223,0,0.506679471606518,0
-0.0609770045893466,0,0.998139171113583,0,1,0,-0.998139171113583,0,-0.0609770045893466,0.0667585009240198,0,0.506741224886152,0
-0.0617781312011994,0,0.998089907025057,0,1,0,-0.998089907025057,0,-0.0617781312011994,0.067639155163185,0,0.506802732085888,0
-0.062585119201175,0,0.998039629901826,0,1,0,-0.998039629901826,0,-0.062585119201175,0.068526346511971,0,0.506863977690282,0
-0.0633979688138823,0,0.997988325357704,0,1,0,-0.997988325357704,0,-0.0633979688138823,0.0694200772844614,0,0.506924946044579,0
-0.0642166800153715,0,0.997935978912377,0,1,0,-0.997935978912377,0,-0.0642166800153715,0.0703203495372434,0,0.506985621355639,0
-0.0650412525334907,0,0.997882575992223,0,1,0,-0.997882575992223,0,-0.0650412525334907,0.0712271650696791,0,0.507045987692873,0
-0.0658716858482414,0,0.997828101931145,0,1,0,-0.997828101931145,0,-0.0658716858482414,0.0721405254241731,0,0.507106028989208,0
-0.0667079791921343,0,0.997772541971416,0,1,0,-0.997772541971416,0,-0.0667079791921343,0.0730604318864389,0,0.507165729042063,0
-0.0675501315505452,0,0.997715881264553,0,1,0,-0.997715881264553,0,-0.0675501315505452,0.0739868854857614,0,0.507225071514342,0
-0.0683981416620706,0,0.997658104872193,0,1,0,-0.997658104872193,0,-0.0683981416620706,0.0749198869952585,0,0.507284039935453,0
-0.0692520080188839,0,0.997599197766995,0,1,0,-0.997599197766995,0,-0.0692520080188839,0.0758594369321396,0,0.507342617702335,0
-0.0701117288670913,0,0.997539144833559,0,1,0,-0.997539144833559,0,-0.0701117288670913,0.0768055355579624,0,0.507400788080513,0
-0.0709773022070889,0,0.997477930869352,0,1,0,-0.997477930869352,0,-0.0709773022070889,0.077758182878888,0,0.50745853420516,0
-0.0718487257939195,0,0.997415540585663,0,1,0,-0.997415540585663,0,-0.0718487257939195,0.0787173786459331,0,0.507515839082191,0
-0.0727259971376305,0,0.997351958608563,0,1,0,-0.997351958608563,0,-0.0727259971376305,0.0796831223552223,0,0.507572685589356,0
-0.0736091135036321,0,0.997287169479889,0,1,0,-0.997287169479889,0,-0.0736091135036321,0.0806554132482369,0,0.50762905647737,0
-0.0744980719130565,0,0.997221157658238,0,1,0,-0.997221157658238,0,-0.0744980719130565,0.0816342503120639,0,0.507684934371046,0
-0.0753928691431182,0,0.997153907519982,0,1,0,-0.997153907519982,0,-0.0753928691431182,0.0826196322796427,0,0.507740301770455,0
-0.0762935017274745,0,0.997085403360294,0,1,0,-0.997085403360294,0,-0.0762935017274745,0.0836115576300104,0,0.507795141052095,0
-0.0771999659565881,0,0.997015629394194,0,1,0,-0.997015629394194,0,-0.0771999659565881,0.0846100245885472,0,0.507849434470085,0
-0.0781122578780903,0,0.99694456975761,0,1,0,-0.99694456975761,0,-0.0781122578780903,0.0856150311272197,0,0.507903164157372,0
-0.0790303732971452,0,0.99687220850845,0,1,0,-0.99687220850845,0,-0.0790303732971452,0.0866265749648238,0,0.507956312126956,0
-0.0799543077768162,0,0.996798529627693,0,1,0,-0.996798529627693,0,-0.0799543077768162,0.0876446535672272,0,0.508008860273131,0
-0.0808840566384334,0,0.996723517020498,0,1,0,-0.996723517020498,0,-0.0808840566384334,0.0886692641476108,0,0.508060790372743,0
-0.0818196149619626,0,0.996647154517323,0,1,0,-0.996647154517323,0,-0.0818196149619626,0.0897004036667101,0,0.50811208408647,0
-0.082760977586376,0,0.99656942587506,0,1,0,-0.99656942587506,0,-0.082760977586376,0.090738068833056,0,0.508162722960108,0
-0.0837081391100252,0,0.99649031477819,0,1,0,-0.99649031477819,0,-0.0837081391100252,0.091782256103216,0,0.508212688425886,0
-0.084661093891016,0,0.996409804839945,0,1,0,-0.996409804839945,0,-0.084661093891016,0.0928329616820346,0,0.508261961803788,0
-0.0856198360475842,0,0.996327879603489,0,1,0,-0.996327879603489,0,-0.0856198360475842,0.0938901815228743,0,0.508310524302892,0
-0.0865843594584757,0,0.996244522543118,0,1,0,-0.996244522543118,0,-0.0865843594584757,0.0949539113278568,0,0.508358357022736,0
-0.0875546577633264,0,0.996159717065465,0,1,0,-0.996159717065465,0,-0.0875546577633264,0.0960241465481046,0,0.508405440954684,0
-0.0885307243630464,0,0.996073446510725,0,1,0,-0.996073446510725,0,-0.0885307243630464,0.0971008823839832,0,0.50845175698332,0
-0.089512552420206,0,0.995985694153897,0,1,0,-0.995985694153897,0,-0.089512552420206,0.0981841137853432,0,0.508497285887855,0
-0.0905001348594238,0,0.995896443206032,0,1,0,-0.995896443206032,0,-0.0905001348594238,0.0992738354517649,0,0.508542008343546,0
-0.0914934643677586,0,0.995805676815505,0,1,0,-0.995805676815505,0,-0.0914934643677586,0.100370041832802,0,0.508585904923136,0
-0.0924925333951029,0,0.99571337806929,0,1,0,-0.99571337806929,0,-0.0924925333951029,0.101472727128227,0,0.508628956098307,0
-0.0934973341545808,0,0.995619529994258,0,1,0,-0.995619529994258,0,-0.0934973341545808,0.102581885288278,0,0.508671142241147,0
-0.0945078586229472,0,0.995524115558486,0,1,0,-0.995524115558486,0,-0.0945078586229472,0.103697510013909,0,0.508712443625634,0
-0.0955240985409918,0,0.995427117672575,0,1,0,-0.995427117672575,0,-0.0955240985409918,0.104819594757037,0,0.508752840429138,0
-0.0965460454139455,0,0.99532851919099,0,1,0,-0.99532851919099,0,-0.0965460454139455,0.105948132720793,0,0.508792312733933,0
-0.09757369051189,0,0.995228302913402,0,1,0,-0.995228302913402,0,-0.09757369051189,0.107083116859777,0,0.508830840528725,0
-0.0986070248701719,0,0.995126451586055,0,1,0,-0.995126451586055,0,-0.0986070248701719,0.108224539880314,0,0.5088684037102,0
-0.0996460392898195,0,0.995022947903138,0,1,0,-0.995022947903138,0,-0.0996460392898195,0.109372394240706,0,0.50890498208458,0
-0.100690724337963,0,0.994917774508173,0,1,0,-0.994917774508173,0,-0.100690724337963,0.110526672151498,0,0.508940555369193,0
-0.101741070348262,0,0.994810913995414,0,1,0,-0.994810913995414,0,-0.101741070348262,0.111687365575735,0,0.508975103194068,0
-0.102797067421329,0,0.994702348911258,0,1,0,-0.994702348911258,0,-0.102797067421329,0.112854466229228,0,0.509008605103533,0
-0.103858705425166,0,0.994592061755677,0,1,0,-0.994592061755677,0,-0.103858705425166,0.114027965580821,0,0.509041040557828,0
-0.104925973995603,0,0.994480034983646,0,1,0,-0.994480034983646,0,-0.104925973995603,0.115207854852661,0,0.509072388934741,0
-0.105998862536734,0,0.994366251006599,0,1,0,-0.994366251006599,0,-0.105998862536734,0.116394125020469,0,0.509102629531249,0
-0.107077360221366,0,0.994250692193887,0,1,0,-0.994250692193887,0,-0.107077360221366,0.117586766813818,0,0.509131741565175,0
-0.10816145599147,0,0.994133340874254,0,1,0,-0.994133340874254,0,-0.10816145599147,0.11878577071641,0,0.509159704176861,0
-0.109251138558634,0,0.994014179337318,0,1,0,-0.994014179337318,0,-0.109251138558634,0.11999112696636,0,0.50918649643085,0
-0.110346396404522,0,0.993893189835073,0,1,0,-0.993893189835073,0,-0.110346396404522,0.12120282555648,0,0.509212097317588,0
-0.111447217781341,0,0.993770354583391,0,1,0,-0.993770354583391,0,-0.111447217781341,0.122420856234573,0,0.509236485755132,0
-0.112553590712308,0,0.993645655763545,0,1,0,-0.993645655763545,0,-0.112553590712308,0.123645208503719,0,0.509259640590874,0
-0.113665502992127,0,0.99351907552374,0,1,0,-0.99351907552374,0,-0.113665502992127,0.12487587162258,0,0.509281540603279,0
-0.114782942187467,0,0.993390595980649,0,1,0,-0.993390595980649,0,-0.114782942187467,0.126112834605697,0,0.509302164503635,0
-0.115905895637448,0,0.99326019922097,0,1,0,-0.99326019922097,0,-0.115905895637448,0.127356086223797,0,0.509321490937813,0
-0.117034350454131,0,0.993127867302987,0,1,0,-0.993127867302987,0,-0.117034350454131,0.128605615004104,0,0.509339498488042,0
-0.118168293523013,0,0.992993582258143,0,1,0,-0.992993582258143,0,-0.118168293523013,0.129861409230652,0,0.509356165674699,0
-0.119307711503533,0,0.992857326092621,0,1,0,-0.992857326092621,0,-0.119307711503533,0.131123456944607,0,0.509371470958102,0
-0.120452590829574,0,0.992719080788943,0,1,0,-0.992719080788943,0,-0.120452590829574,0.132391745944589,0,0.509385392740324,0
-0.121602917709983,0,0.992578828307565,0,1,0,-0.992578828307565,0,-0.121602917709983,0.133666263787001,0,0.509397909367016,0
-0.122758678129082,0,0.9924365505885,0,1,0,-0.9924365505885,0,-0.122758678129082,0.134946997786366,0,0.509408999129236,0
-0.123919857847203,0,0.992292229552932,0,1,0,-0.992292229552932,0,-0.123919857847203,0.136233935015666,0,0.509418640265301,0
-0.125086442401213,0,0.992145847104854,0,1,0,-0.992145847104854,0,-0.125086442401213,0.137527062306684,0,0.509426810962637,0
-0.126258417105053,0,0.991997385132706,0,1,0,-0.991997385132706,0,-0.126258417105053,0.13882636625036,0,0.509433489359649,0
-0.127435767050287,0,0.991846825511029,0,1,0,-0.991846825511029,0,-0.127435767050287,0.140131833197142,0,0.509438653547602,0
-0.128618477106647,0,0.99169415010212,0,1,0,-0.99169415010212,0,-0.128618477106647,0.141443449257352,0,0.509442281572504,0
-0.129806531922598,0,0.991539340757707,0,1,0,-0.991539340757707,0,-0.129806531922598,0.142761200301554,0,0.509444351437009,0
-0.130999915925894,0,0.991382379320618,0,1,0,-0.991382379320618,0,-0.130999915925894,0.144085071960926,0,0.509444841102329,0
-0.132198613324156,0,0.991223247626472,0,1,0,-0.991223247626472,0,-0.132198613324156,0.145415049627644,0,0.509443728490149,0
-0.133402608105449,0,0.991061927505372,0,1,0,-0.991061927505372,0,-0.133402608105449,0.146751118455265,0,0.50944099148456,0
-0.134611884038866,0,0.990898400783606,0,1,0,-0.990898400783606,0,-0.134611884038866,0.148093263359124,0,0.509436607933998,0
-0.13582642467512,0,0.990732649285353,0,1,0,-0.990732649285353,0,-0.13582642467512,0.149441469016735,0,0.509430555653194,0
-0.137046213347147,0,0.990564654834407,0,1,0,-0.990564654834407,0,-0.137046213347147,0.150795719868194,0,0.509422812425131,0
-0.138271233170712,0,0.990394399255898,0,1,0,-0.990394399255898,0,-0.138271233170712,0.152156000116598,0,0.509413356003015,0
-0.139501467045023,0,0.990221864378022,0,1,0,-0.990221864378022,0,-0.139501467045023,0.153522293728462,0,0.509402164112251,0
-0.140736897653354,0,0.990047032033787,0,1,0,-0.990047032033787,0,-0.140736897653354,0.154894584434151,0,0.509389214452427,0
-0.141977507463673,0,0.98986988406275,0,1,0,-0.98986988406275,0,-0.141977507463673,0.156272855728314,0,0.509374484699312,0
-0.143223278729286,0,0.98969040231278,0,1,0,-0.98969040231278,0,-0.143223278729286,0.157657090870327,0,0.509357952506858,0
-0.144474193489474,0,0.989508568641811,0,1,0,-0.989508568641811,0,-0.144474193489474,0.159047272884747,0,0.509339595509211,0
-0.145730233570157,0,0.989324364919609,0,1,0,-0.989324364919609,0,-0.145730233570157,0.160443384561767,0,0.509319391322732,0
-0.146991380584544,0,0.989137773029546,0,1,0,-0.989137773029546,0,-0.146991380584544,0.161845408457685,0,0.509297317548023,0
-0.148257615933815,0,0.988948774870378,0,1,0,-0.988948774870378,0,-0.148257615933815,0.16325332689538,0,0.509273351771965,0
-0.14952892080779,0,0.988757352358028,0,1,0,-0.988757352358028,0,-0.14952892080779,0.16466712196479,0,0.50924747156976,0
-0.15080527618562,0,0.988563487427378,0,1,0,-0.988563487427378,0,-0.15080527618562,0.16608677552341,0,0.50921965450698,0
-0.152086662836483,0,0.98836716203406,0,1,0,-0.98836716203406,0,-0.152086662836483,0.167512269196788,0,0.509189878141628,0
-0.153373061320283,0,0.988168358156263,0,1,0,-0.988168358156263,0,-0.153373061320283,0.168943584379032,0,0.509158120026196,0
-0.154664451988368,0,0.987967057796533,0,1,0,-0.987967057796533,0,-0.154664451988368,0.17038070223333,0,0.509124357709745,0
-0.155960814984247,0,0.987763242983585,0,1,0,-0.987763242983585,0,-0.155960814984247,0.171823603692474,0,0.509088568739978,0
-0.157262130244322,0,0.987556895774121,0,1,0,-0.987556895774121,0,-0.157262130244322,0.173272269459397,0,0.509050730665323,0
-0.158568377498623,0,0.987347998254645,0,1,0,-0.987347998254645,0,-0.158568377498623,0.174726680007712,0,0.509010821037026,0
-0.159879536271562,0,0.98713653254329,0,1,0,-0.98713653254329,0,-0.159879536271562,0.17618681558227,0,0.508968817411249,0
-0.161195585882684,0,0.986922480791647,0,1,0,-0.986922480791647,0,-0.161195585882684,0.177652656199721,0,0.508924697351166,0
-0.162516505447435,0,0.986705825186592,0,1,0,-0.986705825186592,0,-0.162516505447435,0.179124181649081,0,0.508878438429078,0
-0.163842273877939,0,0.986486547952128,0,1,0,-0.986486547952128,0,-0.163842273877939,0.180601371492322,0,0.508830018228521,0
-0.165172869883777,0,0.986264631351219,0,1,0,-0.986264631351219,0,-0.165172869883777,0.182084205064953,0,0.508779414346387,0
-0.166508271972788,0,0.986040057687636,0,1,0,-0.986040057687636,0,-0.166508271972788,0.18357266147663,0,0.508726604395044,0
-0.167848458451866,0,0.985812809307798,0,1,0,-0.985812809307798,0,-0.167848458451866,0.185066719611758,0,0.508671566004469,0
-0.169193407427777,0,0.985582868602625,0,1,0,-0.985582868602625,0,-0.169193407427777,0.186566358130117,0,0.508614276824373,0
-0.170543096807978,0,0.985350218009386,0,1,0,-0.985350218009386,0,-0.170543096807978,0.188071555467491,0,0.508554714526346,0
-0.171897504301452,0,0.985114840013555,0,1,0,-0.985114840013555,0,-0.171897504301452,0.189582289836307,0,0.508492856805991,0
-0.173256607419547,0,0.984876717150664,0,1,0,-0.984876717150664,0,-0.173256607419547,0.191098539226289,0,0.508428681385071,0
-0.174620383476831,0,0.984635832008162,0,1,0,-0.984635832008162,0,-0.174620383476831,0.192620281405117,0,0.508362166013661,0
-0.175988809591949,0,0.984392167227274,0,1,0,-0.984392167227274,0,-0.175988809591949,0.1941474939191,0,0.50829328847229,0
-0.177361862688501,0,0.984145705504863,0,1,0,-0.984145705504863,0,-0.177361862688501,0.195680154093857,0,0.508222026574108,0
-0.178739519495914,0,0.983896429595295,0,1,0,-0.983896429595295,0,-0.178739519495914,0.197218239035013,0,0.508148358167033,0
-0.180121756550344,0,0.983644322312297,0,1,0,-0.983644322312297,0,-0.180121756550344,0.198761725628903,0,0.508072261135921,0
-0.18150855019557,0,0.983389366530828,0,1,0,-0.983389366530828,0,-0.18150855019557,0.200310590543281,0,0.507993713404721,0
-0.182899876583908,0,0.983131545188939,0,1,0,-0.983131545188939,0,-0.182899876583908,0.201864810228054,0,0.507912692938647,0
-0.184295711677136,0,0.982870841289647,0,1,0,-0.982870841289647,0,-0.184295711677136,0.203424360916015,0,0.507829177746344,0
-0.18569603124742,0,0.982607237902794,0,1,0,-0.982607237902794,0,-0.18569603124742,0.204989218623591,0,0.507743145882053,0
