0,0,1,0,1,0,-1,0,0,0,0,0.5,0
0,0,1,0,1,0,-1,0,0,8.95350509627401e-08,0,0.500000011809909,0
0,0,1,0,1,0,-1,0,0,7.14125967010421e-07,0,0.500000094195098,0
-2.20365023352408e-06,0,0.999999999997572,0,1,0,-0.999999999997572,0,-2.20365023352408e-06,2.40291593594731e-06,0,0.500000316948253,0
-5.20771177978996e-06,0,0.99999999998644,0,1,0,-0.99999999998644,0,-5.20771177978996e-06,5.67862173149541e-06,0,0.500000749010133,0
-1.01405893380597e-05,0,0.999999999948584,0,1,0,-0.999999999948584,0,-1.01405893380597e-05,1.10575608163792e-05,0,0.500001458464382,0
-1.74699352261089e-05,0,0.999999999847401,0,1,0,-0.999999999847401,0,-1.74699352261089e-05,1.9049678293613e-05,0,0.500002512533495,0
-2.76575792015762e-05,0,0.999999999617529,0,1,0,-0.999999999617529,0,-2.76575792015762e-05,3.01585743362734e-05,0,0.500003977571151,0
-4.11595522748556e-05,0,0.999999999152946,0,1,0,-0.999999999152946,0,-4.11595522748556e-05,4.48815318664069e-05,0,0.500005919052656,0
-5.84261105208915e-05,0,0.999999998293195,0,1,0,-0.999999998293195,0,-5.84261105208915e-05,6.37095445001626e-05,0,0.500008401563355,0
-7.99017588892878e-05,0,0.999999996807854,0,1,0,-0.999999996807854,0,-7.99017588892878e-05,8.71273447455257e-05,0,0.500011488785112,0
-0.000106025275011974,0,0.999999994379321,0,1,0,-0.999999994379321,0,-0.000106025275011974,0.000115613432438653,0,0.50001524348097,0
-0.000137229733007491,0,0.999999990584,0,1,0,-0.999999990584,0,-0.000137229733007491,0.000149640103405795,0,0.50001972747806,0
-0.000173942527280759,0,0.999999984871998,0,1,0,-0.999999984871998,0,-0.000173942527280759,0.000189673478336745,0,0.500025001648879,0
-0.000216585396317,0,0.999999976545383,0,1,0,-0.999999976545383,0,-0.000216585396317,0.000236173531856638,0,0.500031125891008,0
-0.000265574446468244,0,0.999999964735106,0,1,0,-0.999999964735106,0,-0.000265574446468244,0.000289594121782377,0,0.500038159105371,0
-0.000321320175730673,0,0.999999948376671,0,1,0,-0.999999948376671,0,-0.000321320175730673,0.00035038301855038,0,0.500046159173121,0
-0.000384227497510781,0,0.999999926184612,0,1,0,-0.999999926184612,0,-0.000384227497510781,0.000418981934801933,0,0.500055182931227,0
-0.00045469576437815,0,0.999999896625876,0,1,0,-0.999999896625876,0,-0.00045469576437815,0.000495826555112729,0,0.50006528614687,0
-0.000533118791802375,0,0.999999857892167,0,1,0,-0.999999857892167,0,-0.000533118791802375,0.000581346565853246,0,0.500076523490697,0
-0.000619884881871464,0,0.999999807871348,0,1,0,-0.999999807871348,0,-0.000619884881871464,0.000675965685165959,0,0.500088948509051,0
-0.000715376846988804,0,0.999999744117951,0,1,0,-0.999999744117951,0,-0.000715376846988804,0.000780101693046271,0,0.50010261359522,0
-0.000819972033545553,0,0.999999663822876,0,1,0,-0.999999663822876,0,-0.000819972033545553,0.000894166461513395,0,0.500117569959803,0
-0.000934042345565118,0,0.999999563782353,0,1,0,-0.999999563782353,0,-0.000934042345565118,0.00101856598485749,0,0.500133867600266,0
-0.00105795426831613,0,0.999999440366226,0,1,0,-0.999999440366226,0,-0.00105795426831613,0.0011537004099496,0,0.500151555269754,0
-0.00119206889189012,0,0.999999289485626,0,1,0,-0.999999289485626,0,-0.00119206889189012,0.00129996406660068,0,0.500170680445228,0
-0.00133674193474002,0,0.999999106560101,0,1,0,-0.999999106560101,0,-0.00133674193474002,0.00145774549795614,0,0.500191289295017,0
-0.00149232376717508,0,0.999998886484267,0,1,0,-0.999998886484267,0,-0.00149232376717508,0.00162742749091217,0,0.500213426645826,0
-0.00165915943480809,0,0.999998623594038,0,1,0,-0.999998623594038,0,-0.00165915943480809,0.00180938710654043,0,0.500237135949285,0
-0.00183758868195021,0,0.999998311632493,0,1,0,-0.999998311632493,0,-0.00183758868195021,0.00200399571050721,0,0.500262459248099,0
-0.00202794597494873,0,0.999997943715447,0,1,0,-0.999997943715447,0,-0.00202794597494873,0.00221161900347383,0,0.500289437141856,0
-0.0022305605254629,0,0.999997512296777,0,1,0,-0.999997512296777,0,-0.0022305605254629,0.00243261705146446,0,0.50031810875257,0
-0.00244575631367283,0,0.999997009133554,0,1,0,-0.999997009133554,0,-0.00244575631367283,0.00266734431618808,0,0.500348511689997,0
-0.00267385211141624,0,0.999996425251054,0,1,0,-0.999996425251054,0,-0.00267385211141624,0.00291614968530089,0,0.500380682016809,0
-0.002915161505248,0,0.999995750907672,0,1,0,-0.999995750907672,0,-0.002915161505248,0.00317937650259618,0,0.500414654213655,0
-0.00316999291941677,0,0.999994975559823,0,1,0,-0.999994975559823,0,-0.00316999291941677,0.00345736259810801,0,0.500450461144188,0
-0.00343864963875362,0,0.999994087826854,0,1,0,-0.999994087826854,0,-0.00343864963875362,0.00375044031811571,0,0.5004881340201,0
-0.00372142983146681,0,0.99999307545603,0,1,0,-0.99999307545603,0,-0.00372142983146681,0.00405893655503602,0,0.500527702366218,0
-0.00401862657183733,0,0.999991925287638,0,1,0,-0.999991925287638,0,-0.00401862657183733,0.00438317277719005,0,0.50056919398572,0
-0.00433052786280938,0,0.999990623220253,0,1,0,-0.999990623220253,0,-0.00433052786280938,0.00472346505843201,0,0.500612634925507,0
-0.00465741665847019,0,0.999989154176219,0,1,0,-0.999989154176219,0,-0.00465741665847019,0.0050801241076271,0,0.500658049441796,0
-0.00499957088641348,0,0.999987502067377,0,1,0,-0.999987502067377,0,-0.00499957088641348,0.00545345529796625,0,0.500705459965965,0
-0.00535726346998075,0,0.999985649761092,0,1,0,-0.999985649761092,0,-0.00535726346998075,0.00584375869610484,0,0.500754887070709,0
-0.00573076235037475,0,0.999983579046618,0,1,0,-0.999983579046618,0,-0.00573076235037475,0.00625132909111375,0,0.500806349436543,0
-0.00612033050863939,0,0.999981270601837,0,1,0,-0.999981270601837,0,-0.00612033050863939,0.0066764560232305,0,0.500859863818693,0
-0.00652622598750055,0,0.999978703960419,0,1,0,-0.999978703960419,0,-0.00652622598750055,0.00711942381239859,0,0.500915445014432,0
-0.00694870191306198,0,0.999975857479431,0,1,0,-0.999975857479431,0,-0.00694870191306198,0.00758051158658397,0,0.500973105830875,0
-0.00738800651635096,0,0.999972708307439,0,1,0,-0.999972708307439,0,-0.00738800651635096,0.0080599933098567,0,0.501032857053302,0
-0.00784438315470817,0,0.999969232353137,0,1,0,-0.999969232353137,0,-0.00784438315470817,0.00855813781022725,0,0.50109470741402,0
-0.00831807033301634,0,0.999965404254535,0,1,0,-0.999965404254535,0,-0.00831807033301634,0.00907520880722665,0,0.501158663561824,0
-0.00880930172476263,0,0.999961197348738,0,1,0,-0.999961197348738,0,-0.00880930172476263,0.00961146493921954,0,0.501224730032069,0
-0.00931830619292941,0,0.999956583642357,0,1,0,-0.999956583642357,0,-0.00931830619292941,0.0101671597904405,0,0.50129290921741,0
-0.00984530781070858,0,0.999951533782569,0,1,0,-0.999951533782569,0,-0.00984530781070858,0.0107425419177435,0,0.501363201339228,0
-0.0103905258820345,0,0.999946017028867,0,1,0,-0.999946017028867,0,-0.0103905258820345,0.0113378548770545,0,0.501435604419775,0
-0.0109541749619312,0,0.999940001225525,0,1,0,-0.999940001225525,0,-0.0109541749619312,0.0119533372495193,0,0.501510114255079,0
-0.0115364648766685,0,0.999933452774808,0,1,0,-0.999933452774808,0,-0.0115364648766685,0.0125892226673356,0,0.501586724388626,0
-0.0121376007437241,0,0.999926336610946,0,1,0,-0.999926336610946,0,-0.0121376007437241,0.013245739839263,0,0.501665426085855,0
-0.0127577829915463,0,0.999918616174907,0,1,0,-0.999918616174907,0,-0.0127577829915463,0.0139231125758014,0,0.501746208309494,0
-0.013397207379114,0,0.999910253389994,0,1,0,-0.999910253389994,0,-0.013397207379114,0.0146215598140298,0,0.501829057695758,0
-0.0140560650152906,0,0.999901208638276,0,1,0,-0.999901208638276,0,-0.0140560650152906,0.0153412956420998,0,0.50191395853144,0
-0.014734542377968,0,0.999891440737899,0,1,0,-0.999891440737899,0,-0.014734542377968,0.0160825293233746,0,0.502000892731914,0
-0.0154328213329975,0,0.999880906921271,0,1,0,-0.999880906921271,0,-0.0154328213329975,0.0168454653202087,0,0.502089839820082,0
-0.0161510791529048,0,0.999869562814169,0,1,0,-0.999869562814169,0,-0.0161510791529048,0.017630303317361,0,0.502180776906273,0
-0.016889488535387,0,0.999857362415766,0,1,0,-0.999857362415766,0,-0.016889488535387,0.018437238245036,0,0.502273678669132,0
-0.0176482176215884,0,0.999844258079618,0,1,0,-0.999844258079618,0,-0.0176482176215884,0.0192664603015486,0,0.502368517337509,0
-0.0184274300141537,0,0.999830200495601,0,1,0,-0.999830200495601,0,-0.0184274300141537,0.0201181549756056,0,0.502465262673368,0
-0.0192272847950561,0,0.99981513867285,0,1,0,-0.99981513867285,0,-0.0192272847950561,0.0209925030682018,0,0.50256388195574,0
-0.0200479365432004,0,0.999799019923684,0,1,0,-0.999799019923684,0,-0.0200479365432004,0.0218896807141253,0,0.50266433996573,0
-0.0208895353517979,0,0.999781789848558,0,1,0,-0.999781789848558,0,-0.0208895353517979,0.0228098594030692,0,0.502766598972604,0
-0.021752226845514,0,0.999763392322034,0,1,0,-0.999763392322034,0,-0.021752226845514,0.0237532060003466,0,0.502870618720965,0
-0.0226361521973872,0,0.999743769479809,0,1,0,-0.999743769479809,0,-0.0226361521973872,0.0247198827672059,0,0.502976356419032,0
-0.0235414481455198,0,0.999722861706789,0,1,0,-0.999722861706789,0,-0.0235414481455198,0.0257100473807453,0,0.503083766728045,0
-0.0244682470095398,0,0.999700607626243,0,1,0,-0.999700607626243,0,-0.0244682470095398,0.0267238529534245,0,0.503192801752798,0
-0.0254166767068357,0,0.99967694409003,0,1,0,-0.99967694409003,0,-0.0254166767068357,0.027761448052172,0,0.503303411033322,0
-0.0263868607685642,0,0.999651806169919,0,1,0,-0.999651806169919,0,-0.0263868607685642,0.0288229767170891,0,0.503415541537724,0
-0.0273789183554324,0,0.999625127150017,0,1,0,-0.999625127150017,0,-0.0273789183554324,0.0299085784797484,0,0.503529137656197,0
-0.028392964273256,0,0.999596838520299,0,1,0,-0.999596838520299,0,-0.028392964273256,0.0310183883810897,0,0.503644141196201,0
-0.0294291089882962,0,0.999566869971267,0,1,0,-0.999566869971267,0,-0.0294291089882962,0.0321525369889117,0,0.50376049137885,0
-0.0304874586423764,0,0.99953514938972,0,1,0,-0.99953514938972,0,-0.0304874586423764,0.0333111504149633,0,0.503878124836471,0
-0.0315681150677829,0,0.999501602855677,0,1,0,-0.999501602855677,0,-0.0315681150677829,0.0344943503316354,0,0.503996975611391,0
-0.0326711758019514,0,0.999466154640425,0,1,0,-0.999466154640425,0,-0.0326711758019514,0.035702253988256,0,0.504116975155924,0
-0.0337967341019442,0,0.999428727205719,0,1,0,-0.999428727205719,0,-0.0337967341019442,0.0369349742269909,0,0.504238052333577,0
-0.0349448789587208,0,0.999389241204127,0,1,0,-0.999389241204127,0,-0.0349448789587208,0.0381926194983551,0,0.504360133421483,0
-0.0361156951112061,0,0.999347615480537,0,1,0,-0.999347615480537,0,-0.0361156951112061,0.0394752938763379,0,0.504483142114061,0
-0.0373092630601631,0,0.999303767074811,0,1,0,-0.999303767074811,0,-0.0373092630601631,0.0407830970731459,0,0.504606999527916,0
-0.0385256590818709,0,0.999257611225608,0,1,0,-0.999257611225608,0,-0.0385256590818709,0.0421161244535701,0,0.504731624207962,0
-0.0397649552416184,0,0.999209061375362,0,1,0,-0.999209061375362,0,-0.0397649552416184,0.0434744670489825,0,0.504856932134804,0
-0.0410272194070152,0,0.99915802917643,0,1,0,-0.99915802917643,0,-0.0410272194070152,0.044858211570967,0,0.504982836733346,0
-0.0423125152611283,0,0.999104424498399,0,1,0,-0.999104424498399,0,-0.0423125152611283,0.046267440424593,0,0.50510924888265,0
-0.0436209023154506,0,0.999048155436556,0,1,0,-0.999048155436556,0,-0.0436209023154506,0.0477022317213375,0,0.505236076927048,0
-0.0449524359227077,0,0.998989128321532,0,1,0,-0.998989128321532,0,-0.0449524359227077,0.0491626592916642,0,0.505363226688482,0
-0.0463071672895103,0,0.998927247730094,0,1,0,-0.998927247730094,0,-0.0463071672895103,0.0506487926972667,0,0.505490601480106,0
-0.0476851434888605,0,0.99886241649711,0,1,0,-0.99886241649711,0,-0.0476851434888605,0.0521606972429853,0,0.505618102121128,0
-0.0490864074725191,0,0.998794535728666,0,1,0,-0.998794535728666,0,-0.0490864074725191,0.0536984339884059,0,0.505745626952886,0
-0.0505109980832423,0,0.99872350481634,0,1,0,-0.99872350481634,0,-0.0505109980832423,0.0552620597591502,0,0.505873071856183,0
-0.0519589500668982,0,0.998649221452631,0,1,0,-0.998649221452631,0,-0.0519589500668982,0.0568516271578684,0,0.506000330269842,0
-0.0534302940844684,0,0.998571581647529,0,1,0,-0.998571581647529,0,-0.0534302940844684,0.058467184574943,0,0.506127293210515,0
-0.0549250567239483,0,0.998490479746237,0,1,0,-0.998490479746237,0,-0.0549250567239483,0.0601087761989164,0,0.506253849293704,0
-0.0564432605121528,0,0.998405808448026,0,1,0,-0.998405808448026,0,-0.0564432605121528,0.0617764420266522,0,0.506379884756028,0
-0.0579849239264388,0,0.998317458826222,0,1,0,-0.998317458826222,0,-0.0579849239264388,0.0634702178732424,0,0.506505283478703,0
-0.0595500614063537,0,0.998225320349318,0,1,0,-0.998225320349318,0,-0.0595500614063537,0.0651901353816732,0,0.506629927012236,0
-0.0611386833652222,0,0.998129280903214,0,1,0,-0.998129280903214,0,-0.0611386833652222,0.0669362220322613,0,0.506753694602342,0
-0.0627507962016806,0,0.998029226814553,0,1,0,-0.998029226814553,0,-0.0627507962016806,0.068708501151873,0,0.506876463217054,0
-0.0643864023111703,0,0.997925042875177,0,1,0,-0.997925042875177,0,-0.0643864023111703,0.0705069919229418,0,0.506998107575035,0
-0.0660455000974029,0,0.997816612367666,0,1,0,-0.997816612367666,0,-0.0660455000974029,0.0723317093922952,0,0.507118500175084,0
-0.0677280839838076,0,0.997703817091968,0,1,0,-0.997703817091968,0,-0.0677280839838076,0.0741826644798075,0,0.507237511326818,0
-0.0694341444249725,0,0.997586537393109,0,1,0,-0.997586537393109,0,-0.0694341444249725,0.0760598639868907,0,0.50735500918253,0
-0.0711636679180943,0,0.997464652189963,0,1,0,-0.997464652189963,0,-0.0711636679180943,0.0779633106048409,0,0.507470859770209,0
-0.0729166370144457,0,0.997338039005083,0,1,0,-0.997338039005083,0,-0.0729166370144457,0.0798930029230523,0,0.507584927027721,0
-0.0746930303308759,0,0.997206573995574,0,1,0,-0.997206573995574,0,-0.0746930303308759,0.0818489354371173,0,0.507697072838124,0
-0.076492822561356,0,0.997070131985006,0,1,0,-0.997070131985006,0,-0.076492822561356,0.083831098556826,0,0.507807157066127,0
-0.0783159844885824,0,0.996928586496337,0,1,0,-0.996928586496337,0,-0.0783159844885824,0.0858394786140823,0,0.507915037595664,0
-0.0801624829956517,0,0.996781809785859,0,1,0,-0.996781809785859,0,-0.0801624829956517,0.087874057870754,0,0.508020570368581,0
-0.0820322810778208,0,0.996629672878131,0,1,0,-0.996629672878131,0,-0.0820322810778208,0.0899348145264705,0,0.508123609424429,0
-0.083925337854366,0,0.996472045601898,0,1,0,-0.996472045601898,0,-0.083925337854366,0.0920217227263881,0,0.508224006941326,0
-0.0858416085805538,0,0.996308796626981,0,1,0,-0.996308796626981,0,-0.0858416085805538,0.0941347525689383,0,0.508321613277913,0
-0.0877810446597399,0,0.996139793502119,0,1,0,-0.996139793502119,0,-0.0877810446597399,0.096273870113577,0,0.508416277016355,0
-0.089743593655607,0,0.995964902693753,0,1,0,-0.995964902693753,0,-0.089743593655607,0.0984390373885515,0,0.508507845006388,0
-0.0917291993045597,0,0.995783989625734,0,1,0,-0.995783989625734,0,-0.0917291993045597,0.100630212398704,0,0.50859616241041,0
-0.0937378015282872,0,0.995596918719942,0,1,0,-0.995596918719942,0,-0.0937378015282872,0.102847349133329,0,0.508681072749572,0
-0.0957693364465105,0,0.995403553437798,0,1,0,-0.995403553437798,0,-0.0957693364465105,0.105090397574102,0,0.508762417950877,0
-0.0978237363899283,0,0.995203756322651,0,1,0,-0.995203756322651,0,-0.0978237363899283,0.107359303703099,0,0.508840038395269,0
-0.0999009299133752,0,0.994997389043028,0,1,0,-0.994997389043028,0,-0.0999009299133752,0.109654009510926,0,0.50891377296668,0
-0.102000841809208,0,0.994784312436728,0,1,0,-0.994784312436728,0,-0.102000841809208,0.111974453004972,0,0.508983459102034,0
-0.104123393120936,0,0.994564386555734,0,1,0,-0.994564386555734,0,-0.104123393120936,0.114320568217809,0,0.509048932842193,0
-0.106268501157103,0,0.994337470711942,0,1,0,-0.994337470711942,0,-0.106268501157103,0.116692285215761,0,0.509110028883803,0
-0.108436079505448,0,0.994103423523673,0,1,0,-0.994103423523673,0,-0.108436079505448,0.119089530107646,0,0.509166580632058,0
-0.110626038047351,0,0.993862102962954,0,1,0,-0.993862102962954,0,-0.110626038047351,0.121512225053731,0,0.50921842025433,0
-0.112838282972572,0,0.993613366403553,0,1,0,-0.993613366403553,0,-0.112838282972572,0.123960288274899,0,0.509265378734671,0
-0.115072716794319,0,0.993357070669744,0,1,0,-0.993357070669744,0,-0.115072716794319,0.12643363406206,0,0.509307285929151,0
-0.117329238364637,0,0.993093072085781,0,1,0,-0.993093072085781,0,-0.117329238364637,0.128932172785815,0,0.509343970622022,0
-0.119607742890146,0,0.992821226526067,0,1,0,-0.992821226526067,0,-0.119607742890146,0.131455810906408,0,0.509375260582684,0
-0.121908121948135,0,0.99254138946599,0,1,0,-0.99254138946599,0,-0.121908121948135,0.134004450983958,0,0.509400982623436,0
-0.124230263503038,0,0.992253416033407,0,1,0,-0.992253416033407,0,-0.124230263503038,0.136577991689022,0,0.509420962657982,0
-0.126574051923288,0,0.991957161060759,0,1,0,-0.991957161060759,0,-0.126574051923288,0.139176327813475,0,0.509435025760688,0
-0.12893936799858,0,0.991652479137791,0,1,0,-0.991652479137791,0,-0.12893936799858,0.141799350281757,0,0.509442996226543,0
-0.131326088957551,0,0.991339224664854,0,1,0,-0.991339224664854,0,-0.131326088957551,0.144446946162477,0,0.509444697631835,0
-0.133734088485885,0,0.991017251906771,0,1,0,-0.991017251906771,0,-0.133734088485885,0.147118998680414,0,0.509439952895483,0
-0.136163236744868,0,0.990686415047244,0,1,0,-0.990686415047244,0,-0.136163236744868,0.149815387228923,0,0.509428584341035,0
-0.138613400390394,0,0.99034656824377,0,1,0,-0.99034656824377,0,-0.138613400390394,0.152535987382761,0,0.509410413759285,0
-0.141084442592451,0,0.989997565683056,0,1,0,-0.989997565683056,0,-0.141084442592451,0.155280670911361,0,0.509385262471503,0
-0.143576223055083,0,0.989639261636904,0,1,0,-0.989639261636904,0,-0.143576223055083,0.158049305792567,0,0.509352951393237,0
-0.146088598036847,0,0.989271510518537,0,1,0,-0.989271510518537,0,-0.146088598036847,0.160841756226839,0,0.509313301098684,0
-0.148621420371794,0,0.98889416693935,0,1,0,-0.98889416693935,0,-0.148621420371794,0.163657882651961,0,0.509266131885584,0
-0.151174539490951,0,0.988507085766055,0,1,0,-0.988507085766055,0,-0.151174539490951,0.166497541758257,0,0.509211263840628,0
-0.153747801444357,0,0.988110122178205,0,1,0,-0.988110122178205,0,-0.153747801444357,0.169360586504337,0,0.509148516905343,0
-0.156341048923629,0,0.987703131726056,0,1,0,-0.987703131726056,0,-0.156341048923629,0.172246866133387,0,0.509077710942445,0
-0.158954121285096,0,0.987285970388764,0,1,0,-0.987285970388764,0,-0.158954121285096,0.175156226190023,0,0.508998665802613,0
-0.161586854573495,0,0.986858494632865,0,1,0,-0.986858494632865,0,-0.161586854573495,0.178088508537717,0,0.508911201391676,0
-0.164239081546253,0,0.986420561471041,0,1,0,-0.986420561471041,0,-0.164239081546253,0.181043551376823,0,0.508815137738179,0
-0.166910631698351,0,0.985972028521123,0,1,0,-0.985972028521123,0,-0.166910631698351,0.184021189263204,0,0.508710295061297,0
-0.169601331287795,0,0.985512754065318,0,1,0,-0.985512754065318,0,-0.169601331287795,0.187021253127489,0,0.508596493839087,0
-0.172311003361694,0,0.985042597109631,0,1,0,-0.985042597109631,0,-0.172311003361694,0.190043570294956,0,0.508473554877029,0
-0.175039467782961,0,0.984561417443451,0,1,0,-0.984561417443451,0,-0.175039467782961,0.193087964506085,0,0.508341299376841,0
-0.177786541257635,0,0.984069075699286,0,1,0,-0.984069075699286,0,-0.177786541257635,0.196154255937755,0,0.508199549005546,0
-0.180552037362851,0,0.983565433412604,0,1,0,-0.983565433412604,0,-0.180552037362851,0.199242261225136,0,0.508048125964748,0
-0.183335766575448,0,0.98305035308177,0,1,0,-0.98305035308177,0,-0.183335766575448,0.202351793484263,0,0.507886853060104,0
-0.186137536301232,0,0.982523698228041,0,1,0,-0.982523698228041,0,-0.186137536301232,0.205482662335319,0,0.50771555377095,0
-0.188957150904906,0,0.981985333455597,0,1,0,-0.981985333455597,0,-0.188957150904906,0.208634673926634,0,0.507534052320065,0
-0.191794411740656,0,0.981435124511578,0,1,0,-0.981435124511578,0,-0.191794411740656,0.211807630959404,0,0.50734217374354,0
-0.194649117183426,0,0.9808729383461,0,1,0,-0.9808729383461,0,-0.194649117183426,0.215001332713158,0,0.507139743960719,0
-0.197521062660861,0,0.980298643172235,0,1,0,-0.980298643172235,0,-0.197521062660861,0.218215575071969,0,0.506926589844191,0
-0.200410040685947,0,0.979712108525896,0,1,0,-0.979712108525896,0,-0.200410040685947,0.221450150551423,0,0.506702539289792,0
-0.203315840890332,0,0.979113205325644,0,1,0,-0.979113205325644,0,-0.203315840890332,0.224704848326363,0,0.506467421286607,0
-0.206238250058352,0,0.978501805932349,0,1,0,-0.978501805932349,0,-0.206238250058352,0.2279794542594,0,0.506221065986923,0
-0.209177052161753,0,0.977877784208701,0,1,0,-0.977877784208701,0,-0.209177052161753,0.231273750930219,0,0.505963304776116,0
-0.212132028395116,0,0.977241015578539,0,1,0,-0.977241015578539,0,-0.212132028395116,0.234587517665678,0,0.505693970342435,0
-0.215102957211991,0,0.976591377085962,0,1,0,-0.976591377085962,0,-0.215102957211991,0.237920530570701,0,0.505412896746666,0
-0.21808961436174,0,0.975928747454212,0,1,0,-0.975928747454212,0,-0.21808961436174,0.241272562559986,0,0.505119919491623,0
-0.221091772927089,0,0.975253007144278,0,1,0,-0.975253007144278,0,-0.221091772927089,0.244643383390529,0,0.504814875591466,0
-0.224109203362399,0,0.974564038413213,0,1,0,-0.974564038413213,0,-0.224109203362399,0.248032759694957,0,0.50449760364079,0
-0.227141673532644,0,0.973861725372134,0,1,0,-0.973861725372134,0,-0.227141673532644,0.251440455015696,0,0.504167943883475,0
-0.230188948753107,0,0.973145954043863,0,1,0,-0.973145954043863,0,-0.230188948753107,0.254866229839968,0,0.503825738281251,0
-0.23325079182979,0,0.972416612420199,0,1,0,-0.972416612420199,0,-0.23325079182979,0.258309841635609,0,0.503470830581963,0
-0.236326963100539,0,0.97167359051879,0,1,0,-0.97167359051879,0,-0.236326963100539,0.261771044887742,0,0.503103066387492,0
-0.239417220476877,0,0.970916780439563,0,1,0,-0.970916780439563,0,-0.239417220476877,0.265249591136269,0,0.502722293221317,0
-0.242521319486552,0,0.970146076420712,0,1,0,-0.970146076420712,0,-0.242521319486552,0.268745229014219,0,0.502328360595673,0
-0.245639013316789,0,0.96936137489419,0,1,0,-0.96936137489419,0,-0.245639013316789,0.272257704286928,0,0.501921120078292,0
-0.24877005285825,0,0.968562574540697,0,1,0,-0.968562574540697,0,-0.24877005285825,0.275786759892063,0,0.501500425358679,0
-0.251914186749695,0,0.967749576344128,0,1,0,-0.967749576344128,0,-0.251914186749695,0.279332135980495,0,0.501066132313912,0
-0.255071161423341,0,0.966922283645458,0,1,0,-0.966922283645458,0,-0.255071161423341,0.282893569958003,0,0.500618099073919,0
-0.258240721150908,0,0.966080602196038,0,1,0,-0.966080602196038,0,-0.258240721150908,0.286470796527824,0,0.500156186086219,0
-0.261422608090362,0,0.965224440210272,0,1,0,-0.965224440210272,0,-0.261422608090362,0.290063547734042,0,0.499680256180086,0
-0.26461656233333,0,0.964353708417659,0,1,0,-0.964353708417659,0,-0.26461656233333,0.293671553005808,0,0.499190174630115,0
-0.267822321953197,0,0.963468320114158,0,1,0,-0.963468320114158,0,-0.267822321953197,0.297294539202397,0,0.498685809219149,0
-0.271039623053864,0,0.962568191212872,0,1,0,-0.962568191212872,0,-0.271039623053864,0.300932230659088,0,0.498167030300558,0
-0.274268199819176,0,0.961653240293999,0,1,0,-0.961653240293999,0,-0.274268199819176,0.304584349233868,0,0.497633710859824,0
-0.277507784562988,0,0.960723388654061,0,1,0,-0.960723388654061,0,-0.277507784562988,0.30825061435496,0,0.49708572657541,0
-0.280758107779891,0,0.959778560354343,0,1,0,-0.959778560354343,0,-0.280758107779891,0.311930743069152,0,0.496522955878883,0
-0.284018898196554,0,0.958818682268559,0,1,0,-0.958818682268559,0,-0.284018898196554,0.31562445009094,0,0.495945280014276,0
-0.287289882823706,0,0.957843684129692,0,1,0,-0.957843684129692,0,-0.287289882823706,0.319331447852463,0,0.495352583096633,0
-0.29057078700872,0,0.956853498576001,0,1,0,-0.956853498576001,0,-0.29057078700872,0.323051446554232,0,0.494744752169748,0
-0.293861334488806,0,0.95584806119616,0,1,0,-0.95584806119616,0,-0.293861334488806,0.326784154216636,0,0.494121677263028,0
-0.297161247444787,0,0.954827310573518,0,1,0,-0.954827310573518,0,-0.297161247444787,0.330529276732218,0,0.493483251447495,0
-0.300470246555464,0,0.953791188329447,0,1,0,-0.953791188329447,0,-0.300470246555464,0.33428651791872,0,0.492829370890874,0
-0.303788051052537,0,0.952739639165759,0,1,0,-0.952739639165759,0,-0.303788051052537,0.338055579572866,0,0.49215993491174,0
-0.307114378776084,0,0.951672610906177,0,1,0,-0.951672610906177,0,-0.307114378776084,0.3418361615249,0,0.491474846032722,0
-0.310448946230574,0,0.950590054536826,0,1,0,-0.950590054536826,0,-0.310448946230574,0.345627961693834,0,0.490774010032712,0
-0.313791468641409,0,0.949491924245734,0,1,0,-0.949491924245734,0,-0.313791468641409,0.349430676143425,0,0.490057335998069,0
-0.317141660011971,0,0.948378177461318,0,1,0,-0.948378177461318,0,-0.317141660011971,0.353243999138841,0,0.489324736372788,0
-0.320499233181164,0,0.947248774889831,0,1,0,-0.947248774889831,0,-0.320499233181164,0.357067623204027,0,0.488576127007617,0
-0.323863899881435,0,0.946103680551761,0,1,0,-0.946103680551761,0,-0.323863899881435,0.36090123917973,0,0.487811427208083,0
-0.327235370797256,0,0.944942861817148,0,1,0,-0.944942861817148,0,-0.327235370797256,0.364744536282195,0,0.487030559781422,0
-0.330613355624047,0,0.943766289439821,0,1,0,-0.943766289439821,0,-0.330613355624047,0.368597202162488,0,0.486233451082377,0
-0.333997563127532,0,0.942573937590505,0,1,0,-0.942573937590505,0,-0.333997563127532,0.37245892296646,0,0.485420031057851,0
-0.337387701203499,0,0.941365783888823,0,1,0,-0.941365783888823,0,-0.337387701203499,0.376329383395307,0,0.484590233290382,0
-0.340783476937953,0,0.94014180943413,0,1,0,-0.94014180943413,0,-0.340783476937953,0.380208266766726,0,0.483743995040428,0
-0.344184596667639,0,0.9389019988352,0,1,0,-0.9389019988352,0,-0.344184596667639,0.384095255076646,0,0.482881257287439,0
-0.347590766040924,0,0.93764634023873,0,1,0,-0.93764634023873,0,-0.347590766040924,0.38799002906151,0,0.482001964769692,0
-0.351001690079002,0,0.936374825356643,0,1,0,-0.936374825356643,0,-0.351001690079002,0.391892268261088,0,0.481106066022877,0
-0.354417073237423,0,0.935087449492195,0,1,0,-0.935087449492195,0,-0.354417073237423,0.395801651081819,0,0.480193513417401,0
-0.357836619467903,0,0.933784211564847,0,1,0,-0.933784211564847,0,-0.357836619467903,0.399717854860629,0,0.479264263194408,0
-0.361260032280419,0,0.932465114133902,0,1,0,-0.932465114133902,0,-0.361260032280419,0.403640555929241,0,0.47831827550048,0
-0.36468701480554,0,0.931130163420896,0,1,0,-0.931130163420896,0,-0.36468701480554,0.407569429678928,0,0.477355514421023,0
-0.368117269857001,0,0.929779369330718,0,1,0,-0.929779369330718,0,-0.368117269857001,0.411504150625696,0,0.476375948012292,0
-0.371550499994473,0,0.928412745471462,0,1,0,-0.928412745471462,0,-0.371550499994473,0.415444392475886,0,0.475379548332065,0
-0.374986407586523,0,0.927030309172982,0,1,0,-0.927030309172982,0,-0.374986407586523,0.419389828192154,0,0.474366291468937,0
-0.378424694873737,0,0.925632081504157,0,1,0,-0.925632081504157,0,-0.378424694873737,0.423340130059816,0,0.473336157570224,0
-0.381865064031977,0,0.924218087288846,0,1,0,-0.924218087288846,0,-0.381865064031977,0.427294969753534,0,0.472289130868453,0
-0.385307217235762,0,0.922788355120519,0,1,0,-0.922788355120519,0,-0.385307217235762,0.431254018404323,0,0.471225199706437,0
-0.388750856721732,0,0.921342917375566,0,1,0,-0.921342917375566,0,-0.388750856721732,0.435216946666838,0,0.470144356560919,0
-0.392195684852189,0,0.919881810225271,0,1,0,-0.919881810225271,0,-0.392195684852189,0.439183424786941,0,0.46904659806476,0
-0.395641404178681,0,0.918405073646439,0,1,0,-0.918405073646439,0,-0.395641404178681,0.443153122669504,0,0.467931925027677,0
-0.399087717505603,0,0.916912751430674,0,1,0,-0.916912751430674,0,-0.399087717505603,0.447125709946426,0,0.466800342455506,0
-0.402534327953798,0,0.915404891192299,0,1,0,-0.915404891192299,0,-0.402534327953798,0.451100856044852,0,0.465651859567989,0
-0.405980939024133,0,0.913881544374917,0,1,0,-0.913881544374917,0,-0.405980939024133,0.455078230255543,0,0.464486489815067,0
-0.409427254661012,0,0.912342766256601,0,1,0,-0.912342766256601,0,-0.409427254661012,0.459057501801397,0,0.463304250891679,0
-0.412872979315824,0,0.91078861595371,0,1,0,-0.91078861595371,0,-0.412872979315824,0.463038339906079,0,0.462105164751046,0
-0.416317818010278,0,0.909219156423335,0,1,0,-0.909219156423335,0,-0.416317818010278,0.467020413862734,0,0.460889257616448,0
-0.419761476399616,0,0.907634454464359,0,1,0,-0.907634454464359,0,-0.419761476399616,0.47100339310276,0,0.459656559991477,0
-0.423203660835672,0,0.906034580717141,0,1,0,-0.906034580717141,0,-0.423203660835672,0.474986947264621,0,0.458407106668753,0
-0.426644078429751,0,0.904419609661814,0,1,0,-0.904419609661814,0,-0.426644078429751,0.47897074626265,0,0.45714093673712,0
-0.430082437115306,0,0.902789619615201,0,1,0,-0.902789619615201,0,-0.430082437115306,0.482954460355839,0,0.45585809358729,0
-0.433518445710384,0,0.901144692726342,0,1,0,-0.901144692726342,0,-0.433518445710384,0.48693776021658,0,0.454558624915958,0
-0.436951813979821,0,0.899484914970642,0,1,0,-0.899484914970642,0,-0.436951813979821,0.490920316999318,0,0.453242582728356,0
-0.440382252697154,0,0.897810376142635,0,1,0,-0.897810376142635,0,-0.440382252697154,0.494901802409108,0,0.451910023339272,0
-0.443809473706227,0,0.89612116984736,0,1,0,-0.89612116984736,0,-0.443809473706227,0.498881888770027,0,0.450561007372509,0
-0.447233189982471,0,0.894417393490368,0,1,0,-0.894417393490368,0,-0.447233189982471,0.502860249093438,0,0.449195599758796,0
-0.450653115693819,0,0.892699148266343,0,1,0,-0.892699148266343,0,-0.450653115693819,0.506836557146047,0,0.44781386973215,0
-0.454068966261251,0,0.890966539146358,0,1,0,-0.890966539146358,0,-0.454068966261251,0.510810487517757,0,0.44641589082468,0
-0.457480458418923,0,0.889219674863761,0,1,0,-0.889219674863761,0,-0.457480458418923,0.51478171568926,0,0.445001740859847,0
-0.46088731027387,0,0.88745866789869,0,1,0,-0.88745866789869,0,-0.46088731027387,0.518749918099372,0,0.443571501944172,0
-0.464289241365246,0,0.885683634461247,0,1,0,-0.885683634461247,0,-0.464289241365246,0.522714772212047,0,0.442125260457399,0
-0.467685972723092,0,0.883894694473304,0,1,0,-0.883894694473304,0,-0.467685972723092,0.526675956583074,0,0.440663107041116,0
-0.471077226926587,0,0.882091971548974,0,1,0,-0.882091971548974,0,-0.471077226926587,0.530633150926407,0,0.439185136585837,0
-0.474462728161778,0,0.880275592973748,0,1,0,-0.880275592973748,0,-0.474462728161778,0.534586036180117,0,0.43769144821655,0
-0.477842202278746,0,0.878445689682292,0,1,0,-0.878445689682292,0,-0.477842202278746,0.538534294571916,0,0.436182145276738,0
-0.481215376848202,0,0.876602396234942,0,1,0,-0.876602396234942,0,-0.481215376848202,0.542477609684257,0,0.434657335310882,0
-0.484581981217473,0,0.874745850792874,0,1,0,-0.874745850792874,0,-0.484581981217473,0.546415666518949,0,0.433117130045438,0
-0.487941746565865,0,0.872876195091981,0,1,0,-0.872876195091981,0,-0.487941746565865,0.550348151561284,0,0.43156164536832,0
-0.491294405959372,0,0.870993574415465,0,1,0,-0.870993574415465,0,-0.491294405959372,0.554274752843643,0,0.429991001306877,0
-0.494639694404721,0,0.869098137565146,0,1,0,-0.869098137565146,0,-0.494639694404721,0.558195160008541,0,0.428405322004384,0
-0.49797734890271,0,0.867190036831506,0,1,0,-0.867190036831506,0,-0.49797734890271,0.562109064371108,0,0.426804735695048,0
-0.501307108500836,0,0.865269427962488,0,1,0,-0.865269427962488,0,-0.501307108500836,0.566016158980962,0,0.425189374677553,0
-0.504628714345183,0,0.863336470131042,0,1,0,-0.863336470131042,0,-0.504628714345183,0.569916138683447,0,0.423559375287138,0
-0.507941909731535,0,0.861391325901463,0,1,0,-0.861391325901463,0,-0.507941909731535,0.573808700180225,0,0.421914877866242,0
-0.511246440155732,0,0.859434161194499,0,1,0,-0.859434161194499,0,-0.511246440155732,0.577693542089189,0,0.420256026733695,0
-0.51454205336319,0,0.857465145251276,0,1,0,-0.857465145251276,0,-0.51454205336319,0.58157036500366,0,0.418582970152512,0
-0.517828499397622,0,0.855484450596039,0,1,0,-0.855484450596039,0,-0.517828499397622,0.585438871550871,0,0.416895860296264,0
-0.521105530648898,0,0.853492252997724,0,1,0,-0.853492252997724,0,-0.521105530648898,0.589298766449676,0,0.415194853214062,0
-0.524372901900052,0,0.85148873143038,0,1,0,-0.85148873143038,0,-0.524372901900052,0.593149756567505,0,0.413480108794164,0
-0.527630370373392,0,0.849474068032472,0,1,0,-0.849474068032472,0,-0.527630370373392,0.596991550976496,0,0.411751790726225,0
-0.530877695775721,0,0.84744844806505,0,1,0,-0.84744844806505,0,-0.530877695775721,0.600823861008821,0,0.410010066462191,0
-0.534114640342621,0,0.845412059868838,0,1,0,-0.845412059868838,0,-0.534114640342621,0.60464640031115,0,0.408255107175876,0
-0.537340968881818,0,0.843365094820238,0,1,0,-0.843365094820238,0,-0.537340968881818,0.608458884898257,0,0.406487087721224,0
-0.54055644881557,0,0.841307747286271,0,1,0,-0.841307747286271,0,-0.54055644881557,0.61226103320573,0,0.404706186589274,0
-0.543760850222095,0,0.839240214578487,0,1,0,-0.839240214578487,0,-0.543760850222095,0.616052566141771,0,0.402912585863861,0
-0.546953945876004,0,0.837162696905846,0,1,0,-0.837162696905846,0,-0.546953945876004,0.61983320713806,0,0.401106471176049,0
-0.550135511287729,0,0.835075397326606,0,1,0,-0.835075397326606,0,-0.550135511287729,0.623602682199676,0,0.399288031657342,0
-0.553305324741936,0,0.832978521699221,0,1,0,-0.832978521699221,0,-0.553305324741936,0.627360719954033,0,0.397457459891665,0
-0.556463167334892,0,0.830872278632294,0,1,0,-0.830872278632294,0,-0.556463167334892,0.631107051698836,0,0.395614951866168,0
-0.559608823010789,0,0.828756879433576,0,1,0,-0.828756879433576,0,-0.559608823010789,0.634841411449023,0,0.393760706920836,0
-0.56274207859701,0,0.826632538058064,0,1,0,-0.826632538058064,0,-0.56274207859701,0.638563535982675,0,0.391894927696969,0
-0.565862723838305,0,0.824499471055194,0,1,0,-0.824499471055194,0,-0.565862723838305,0.642273164885892,0,0.390017820084509,0
-0.568970551429895,0,0.822357897515164,0,1,0,-0.822357897515164,0,-0.568970551429895,0.645970040596604,0,0.388129593168279,0
-0.572065357049466,0,0.820208039014412,0,1,0,-0.820208039014412,0,-0.572065357049466,0.649653908447294,0,0.386230459173127,0
-0.575146939388051,0,0.818050119560261,0,1,0,-0.818050119560261,0,-0.575146939388051,0.653324516706647,0,0.384320633408007,0
-0.5782151001798,0,0.815884365534763,0,1,0,-0.815884365534763,0,-0.5782151001798,0.656981616620079,0,0.382400334209031,0
-0.581269644230609,0,0.813711005637764,0,1,0,-0.813711005637764,0,-0.581269644230609,0.660624962449146,0,0.380469782881497,0
-0.584310379445614,0,0.811530270829205,0,1,0,-0.811530270829205,0,-0.584310379445614,0.664254311509825,0,0.378529203640937,0
-0.587337116855534,0,0.8093423942707,0,1,0,-0.8093423942707,0,-0.587337116855534,0.667869424209641,0,0.37657882355319,0
-0.590349670641858,0,0.807147611266396,0,1,0,-0.807147611266396,0,-0.590349670641858,0.671470064083638,0,0.374618872473544,0
-0.593347858160869,0,0.804946159203154,0,1,0,-0.804946159203154,0,-0.593347858160869,0.675055997829176,0,0.372649582984959,0
-0.596331499966494,0,0.802738277490062,0,1,0,-0.802738277490062,0,-0.596331499966494,0.678626995339551,0,0.370671190335403,0
-0.599300419831983,0,0.800524207497318,0,1,0,-0.800524207497318,0,-0.599300419831983,0.682182829736425,0,0.368683932374319,0
-0.602254444770402,0,0.7983041924945,0,1,0,-0.7983041924945,0,-0.602254444770402,0.685723277401045,0,0.366688049488267,0
-0.605193405053939,0,0.796078477588246,0,1,0,-0.796078477588246,0,-0.605193405053939,0.689248118004267,0,0.364683784535741,0
-0.608117134232029,0,0.793847309659373,0,1,0,-0.793847309659373,0,-0.608117134232029,0.692757134535356,0,0.36267138278121,0
-0.611025469148273,0,0.791610937299462,0,1,0,-0.791610937299462,0,-0.611025469148273,0.696250113329561,0,0.360651091828405,0
-0.613918249956174,0,0.789369610746923,0,1,0,-0.789369610746923,0,-0.613918249956174,0.699726844094466,0,0.358623161552862,0
-0.616795320133664,0,0.787123581822582,0,1,0,-0.787123581822582,0,-0.616795320133664,0.703187119935102,0,0.356587844033776,0
-0.619656526496447,0,0.784873103864796,0,1,0,-0.784873103864796,0,-0.619656526496447,0.706630737377815,0,0.354545393485168,0
-0.622501719210127,0,0.782618431664139,0,1,0,-0.782618431664139,0,-0.622501719210127,0.710057496392904,0,0.352496066186409,0
-0.625330751801153,0,0.780359821397671,0,1,0,-0.780359821397671,0,-0.625330751801153,0.713467200415994,0,0.350440120412119,0
-0.628143481166556,0,0.778097530562821,0,1,0,-0.778097530562821,0,-0.628143481166556,0.716859656368168,0,0.348377816361472,0
-0.630939767582496,0,0.775831817910909,0,1,0,-0.775831817910909,0,-0.630939767582496,0.720234674674853,0,0.346309416086935,0
-0.633719474711616,0,0.773562943380326,0,1,0,-0.773562943380326,0,-0.633719474711616,0.723592069283441,0,0.344235183422467,0
-0.636482469609203,0,0.771291168029409,0,1,0,-0.771291168029409,0,-0.636482469609203,0.726931657679672,0,0.342155383911208,0
-0.639228622728164,0,0.769016753969024,0,1,0,-0.769016753969024,0,-0.639228622728164,0.730253260902746,0,0.34007028473268,0
-0.641957807922822,0,0.766739964294887,0,1,0,-0.766739964294887,0,-0.641957807922822,0.733556703559204,0,0.337980154629535,0
-0.644669902451534,0,0.764461063019648,0,1,0,-0.764461063019648,0,-0.644669902451534,0.73684181383555,0,0.335885263833877,0
-0.647364786978141,0,0.762180315004754,0,1,0,-0.762180315004754,0,-0.647364786978141,0.740108423509628,0,0.333785883993172,0
-0.650042345572246,0,0.759897985892141,0,1,0,-0.759897985892141,0,-0.650042345572246,0.743356367960753,0,0.331682288095796,0
-0.652702465708346,0,0.757614342035739,0,1,0,-0.757614342035739,0,-0.652702465708346,0.746585486178617,0,0.329574750396229,0
-0.655345038263806,0,0.75532965043285,0,1,0,-0.75532965043285,0,-0.655345038263806,0.74979562077095,0,0.327463546339938,0
-0.657969957515697,0,0.753044178655404,0,1,0,-0.753044178655404,0,-0.657969957515697,0.752986617969957,0,0.325348952487953,0
-0.660577121136503,0,0.750758194781123,0,1,0,-0.750758194781123,0,-0.660577121136503,0.756158327637535,0,0.323231246441198,0
-0.663166430188698,0,0.748471967324614,0,1,0,-0.748471967324614,0,-0.663166430188698,0.759310603269281,0,0.321110706764568,0
-0.665737789118228,0,0.746185765168416,0,1,0,-0.746185765168416,0,-0.665737789118228,0.762443301997288,0,0.318987612910804,0
-0.668291105746873,0,0.743899857494019,0,1,0,-0.743899857494019,0,-0.668291105746873,0.765556284591753,0,0.31686224514418,0
-0.670826291263539,0,0.74161451371289,0,1,0,-0.74161451371289,0,-0.670826291263539,0.768649415461387,0,0.314734884464032,0
-0.673343260214459,0,0.73933000339751,0,1,0,-0.73933000339751,0,-0.673343260214459,0.77172256265266,0,0.312605812528158,0
-0.675841930492342,0,0.737046596212467,0,1,0,-0.737046596212467,0,-0.675841930492342,0.774775597847874,0,0.310475311576111,0
-0.678322223324464,0,0.7347645618456,0,1,0,-0.7347645618456,0,-0.678322223324464,0.777808396362083,0,0.308343664352411,0
-0.680784063259727,0,0.732484169939239,0,1,0,-0.732484169939239,0,-0.680784063259727,0.780820837138874,0,0.306211154029704,0
-0.6832273781547,0,0.730205690021554,0,1,0,-0.730205690021554,0,-0.6832273781547,0.783812802745011,0,0.304078064131893,0
-0.685652099158648,0,0.727929391438029,0,1,0,-0.727929391438029,0,-0.685652099158648,0.786784179363976,0,0.301944678457262,0
-0.688058160697575,0,0.725655543283085,0,1,0,-0.725655543283085,0,-0.688058160697575,0.789734856788401,0,0.299811281001626,0
