0,0,1,0,1,0,-1,0,0,0,0,0.5,0
0,0,1,0,1,0,-1,0,0,1.26091554090555e-07,0,0.500000032337465,0
0,0,1,0,1,0,-1,0,0,1.00569834973609e-06,0,0.5000002579216,0
-2.20365023352408e-06,0,0.999999999997572,0,1,0,-0.999999999997572,0,-2.20365023352408e-06,3.38400931296929e-06,0,0.500000867859731,0
-5.20771177978996e-06,0,0.99999999998644,0,1,0,-0.99999999998644,0,-5.20771177978996e-06,7.99716383412431e-06,0,0.500002050932041,0
-1.01405893380597e-05,0,0.999999999948584,0,1,0,-0.999999999948584,0,-1.01405893380597e-05,1.55722914471399e-05,0,0.500003993588826,0
-1.74699352261089e-05,0,0.999999999847401,0,1,0,-0.999999999847401,0,-1.74699352261089e-05,2.68275510934529e-05,0,0.500006879949362,0
-2.76575792015762e-05,0,0.999999999617529,0,1,0,-0.999999999617529,0,-2.76575792015762e-05,4.24721716965805e-05,0,0.50001089179567,0
-4.11595522748556e-05,0,0.999999999152946,0,1,0,-0.999999999152946,0,-4.11595522748556e-05,6.32064934198339e-05,0,0.500016208563606,0
-5.84261105208915e-05,0,0.999999998293195,0,1,0,-0.999999998293195,0,-5.84261105208915e-05,8.97220096545918e-05,0,0.500023007331094,0
-7.99017588892878e-05,0,0.999999996807854,0,1,0,-0.999999996807854,0,-7.99017588892878e-05,0.000122701409702681,0,0.500031462803651,0
-0.000106025275011974,0,0.999999994379321,0,1,0,-0.999999994379321,0,-0.000106025275011974,0.00016281862211563,0,0.500041747297326,0
-0.000137229733007491,0,0.999999990584,0,1,0,-0.999999990584,0,-0.000137229733007491,0.00021073885865652,0,0.500054030719191,0
-0.000173942527280759,0,0.999999984871998,0,1,0,-0.999999984871998,0,-0.000173942527280759,0.000267118658847578,0,0.500068480545523,0
-0.000216585396317,0,0.999999976545383,0,1,0,-0.999999976545383,0,-0.000216585396317,0.000332605935069367,0,0.500085261797797,0
-0.000265574446468244,0,0.999999964735106,0,1,0,-0.999999964735106,0,-0.000265574446468244,0.000407840018176269,0,0.500104537016615,0
-0.000321320175730673,0,0.999999948376671,0,1,0,-0.999999948376671,0,-0.000321320175730673,0.000493451703594354,0,0.500126466233699,0
-0.000384227497510781,0,0.999999926184612,0,1,0,-0.999999926184612,0,-0.000384227497510781,0.00059006329786702,0,0.500151206942067,0
-0.00045469576437815,0,0.999999896625876,0,1,0,-0.999999896625876,0,-0.00045469576437815,0.000698288665614851,0,0.500178914064505,0
-0.000533118791802375,0,0.999999857892167,0,1,0,-0.999999857892167,0,-0.000533118791802375,0.000818733276876724,0,0.500209739920455,0
-0.000619884881871464,0,0.999999807871348,0,1,0,-0.999999807871348,0,-0.000619884881871464,0.000951994254797659,0,0.500243834191429,0
-0.000715376846988804,0,0.999999744117951,0,1,0,-0.999999744117951,0,-0.000715376846988804,0.0010986604236318,0,0.500281343885064,0
-0.000819972033545553,0,0.999999663822876,0,1,0,-0.999999663822876,0,-0.000819972033545553,0.0012593123570273,0,0.50032241329791,0
-0.000934042345565118,0,0.999999563782353,0,1,0,-0.999999563782353,0,-0.000934042345565118,0.00143452242656047,0,0.500367183977081,0
-0.00105795426831613,0,0.999999440366226,0,1,0,-0.999999440366226,0,-0.00105795426831613,0.00162485485048762,0,0.500415794680846,0
-0.00119206889189012,0,0.999999289485626,0,1,0,-0.999999289485626,0,-0.00119206889189012,0.00183086574268238,0,0.500468381338274,0
-0.00133674193474002,0,0.999999106560101,0,1,0,-0.999999106560101,0,-0.00133674193474002,0.00205310316172742,0,0.500525077008034,0
-0.00149232376717508,0,0.999998886484267,0,1,0,-0.999998886484267,0,-0.00149232376717508,0.00229210716012843,0,0.500586011836426,0
-0.00165915943480809,0,0.999998623594038,0,1,0,-0.999998623594038,0,-0.00165915943480809,0.00254840983362071,0,0.50065131301476,0
-0.00183758868195021,0,0.999998311632493,0,1,0,-0.999998311632493,0,-0.00183758868195021,0.00282253537053638,0,0.50072110473616,0
-0.00202794597494873,0,0.999997943715447,0,1,0,-0.999997943715447,0,-0.00202794597494873,0.00311500010120288,0,0.500795508151876,0
-0.0022305605254629,0,0.999997512296777,0,1,0,-0.999997512296777,0,-0.0022305605254629,0.00342631254734231,0,0.500874641327206,0
-0.00244575631367283,0,0.999997009133554,0,1,0,-0.999997009133554,0,-0.00244575631367283,0.00375697347144203,0,0.500958619197097,0
-0.00267385211141624,0,0.999996425251054,0,1,0,-0.999996425251054,0,-0.00267385211141624,0.00410747592606692,0,0.50104755352152,0
-0.002915161505248,0,0.999995750907672,0,1,0,-0.999995750907672,0,-0.002915161505248,0.00447830530308504,0,0.501141552840678,0
-0.00316999291941677,0,0.999994975559823,0,1,0,-0.999994975559823,0,-0.00316999291941677,0.00486993938277732,0,0.50124072243015,0
-0.00343864963875362,0,0.999994087826854,0,1,0,-0.999994087826854,0,-0.00343864963875362,0.00528284838280359,0,0.501345164256025,0
-0.00372142983146681,0,0.99999307545603,0,1,0,-0.99999307545603,0,-0.00372142983146681,0.00571749500699672,0,0.501454976930111,0
-0.00401862657183733,0,0.999991925287638,0,1,0,-0.999991925287638,0,-0.00401862657183733,0.00617433449395822,0,0.501570255665287,0
-0.00433052786280938,0,0.999990623220253,0,1,0,-0.999990623220253,0,-0.00433052786280938,0.00665381466542737,0,0.501691092231059,0
-0.00465741665847019,0,0.999989154176219,0,1,0,-0.999989154176219,0,-0.00465741665847019,0.00715637597439814,0,0.501817574909402,0
-0.00499957088641348,0,0.999987502067377,0,1,0,-0.999987502067377,0,-0.00499957088641348,0.00768245155295778,0,0.501949788450944,0
-0.00535726346998075,0,0.999985649761092,0,1,0,-0.999985649761092,0,-0.00535726346998075,0.00823246725982088,0,0.50208781403155,0
-0.00573076235037475,0,0.999983579046618,0,1,0,-0.999983579046618,0,-0.00573076235037475,0.00880684172753473,0,0.502231729209382,0
-0.00612033050863939,0,0.999981270601837,0,1,0,-0.999981270601837,0,-0.00612033050863939,0.00940598640933099,0,0.50238160788248,0
-0.00652622598750055,0,0.999978703960419,0,1,0,-0.999978703960419,0,-0.00652622598750055,0.0100303056255993,0,0.502537520246929,0
-0.00694870191306198,0,0.999975857479431,0,1,0,-0.999975857479431,0,-0.00694870191306198,0.0106801966099606,0,0.502699532755664,0
-0.00738800651635096,0,0.999972708307439,0,1,0,-0.999972708307439,0,-0.00738800651635096,0.0113560495549153,0,0.502867708077976,0
-0.00784438315470817,0,0.999969232353137,0,1,0,-0.999969232353137,0,-0.00784438315470817,0.0120582476570458,0,0.503042105059758,0
-0.00831807033301634,0,0.999965404254535,0,1,0,-0.999965404254535,0,-0.00831807033301634,0.0127871671617513,0,0.503222778684545,0
-0.00880930172476263,0,0.999961197348738,0,1,0,-0.999961197348738,0,-0.00880930172476263,0.013543177407492,0,0.503409780035412,0
-0.00931830619292941,0,0.999956583642357,0,1,0,-0.999956583642357,0,-0.00931830619292941,0.0143266408695252,0,0.503603156257749,0
-0.00984530781070858,0,0.999951533782569,0,1,0,-0.999951533782569,0,-0.00984530781070858,0.0151379132031109,0,0.503802950522989,0
-0.0103905258820345,0,0.999946017028867,0,1,0,-0.999946017028867,0,-0.0103905258820345,0.0159773432861685,0,0.504009201993308,0
-0.0109541749619312,0,0.999940001225525,0,1,0,-0.999940001225525,0,-0.0109541749619312,0.0168452732613674,0,0.504221945787358,0
-0.0115364648766685,0,0.999933452774808,0,1,0,-0.999933452774808,0,-0.0115364648766685,0.017742038577631,0,0.504441212947057,0
-0.0121376007437241,0,0.999926336610946,0,1,0,-0.999926336610946,0,-0.0121376007437241,0.0186679680310394,0,0.504667030405492,0
-0.0127577829915463,0,0.999918616174907,0,1,0,-0.999918616174907,0,-0.0127577829915463,0.0196233838051134,0,0.504899420955965,0
-0.013397207379114,0,0.999910253389994,0,1,0,-0.999910253389994,0,-0.013397207379114,0.0206086015104637,0,0.50513840322221,0
-0.0140560650152906,0,0.999901208638276,0,1,0,-0.999901208638276,0,-0.0140560650152906,0.0216239302237911,0,0.505383991629836,0
-0.014734542377968,0,0.999891440737899,0,1,0,-0.999891440737899,0,-0.014734542377968,0.0226696725262232,0,0.505636196379011,0
-0.0154328213329975,0,0.999880906921271,0,1,0,-0.999880906921271,0,-0.0154328213329975,0.0237461245409741,0,0.50589502341843,0
-0.0161510791529048,0,0.999869562814169,0,1,0,-0.999869562814169,0,-0.0161510791529048,0.0248535759703143,0,0.506160474420591,0
-0.016889488535387,0,0.999857362415766,0,1,0,-0.999857362415766,0,-0.016889488535387,0.0259923101318391,0,0.50643254675842,0
-0.0176482176215884,0,0.999844258079618,0,1,0,-0.999844258079618,0,-0.0176482176215884,0.0271626039940249,0,0.506711233483254,0
-0.0184274300141537,0,0.999830200495601,0,1,0,-0.999830200495601,0,-0.0184274300141537,0.0283647282110618,0,0.506996523304235,0
-0.0192272847950561,0,0.99981513867285,0,1,0,-0.99981513867285,0,-0.0192272847950561,0.0295989471569543,0,0.507288400569111,0
-0.0200479365432004,0,0.999799019923684,0,1,0,-0.999799019923684,0,-0.0200479365432004,0.0308655189588811,0,0.507586845246497,0
-0.0208895353517979,0,0.999781789848558,0,1,0,-0.999781789848558,0,-0.0208895353517979,0.0321646955298053,0,0.5078918329096,0
-0.021752226845514,0,0.999763392322034,0,1,0,-0.999763392322034,0,-0.021752226845514,0.0334967226003297,0,0.508203334721441,0
-0.0226361521973872,0,0.999743769479809,0,1,0,-0.999743769479809,0,-0.0226361521973872,0.0348618397497892,0,0.508521317421581,0
-0.0235414481455198,0,0.999722861706789,0,1,0,-0.999722861706789,0,-0.0235414481455198,0.0362602804365761,0,0.5088457433144,0
-0.0244682470095398,0,0.999700607626243,0,1,0,-0.999700607626243,0,-0.0244682470095398,0.037692272027694,0,0.509176570258905,0
-0.0254166767068357,0,0.99967694409003,0,1,0,-0.99967694409003,0,-0.0254166767068357,0.0391580358275354,0,0.509513751660128,0
-0.0263868607685642,0,0.999651806169919,0,1,0,-0.999651806169919,0,-0.0263868607685642,0.0406577871058819,0,0.509857236462104,0
-0.0273789183554324,0,0.999625127150017,0,1,0,-0.999625127150017,0,-0.0273789183554324,0.0421917351251234,0,0.510206969142445,0
-0.028392964273256,0,0.999596838520299,0,1,0,-0.999596838520299,0,-0.028392964273256,0.0437600831666971,0,0.510562889708545,0
-0.0294291089882962,0,0.999566869971267,0,1,0,-0.999566869971267,0,-0.0294291089882962,0.0453630285567443,0,0.510924933695408,0
-0.0304874586423764,0,0.99953514938972,0,1,0,-0.99953514938972,0,-0.0304874586423764,0.047000762690987,0,0.511293032165116,0
-0.0315681150677829,0,0.999501602855677,0,1,0,-0.999501602855677,0,-0.0315681150677829,0.0486734710588246,0,0.511667111707963,0
-0.0326711758019514,0,0.999466154640425,0,1,0,-0.999466154640425,0,-0.0326711758019514,0.0503813332666552,0,0.512047094445246,0
-0.0337967341019442,0,0.999428727205719,0,1,0,-0.999428727205719,0,-0.0337967341019442,0.0521245230604219,0,0.512432898033738,0
-0.0349448789587208,0,0.999389241204127,0,1,0,-0.999389241204127,0,-0.0349448789587208,0.0539032083473905,0,0.512824435671838,0
-0.0361156951112061,0,0.999347615480537,0,1,0,-0.999347615480537,0,-0.0361156951112061,0.0557175512171626,0,0.513221616107422,0
-0.0373092630601631,0,0.999303767074811,0,1,0,-0.999303767074811,0,-0.0373092630601631,0.0575677079619302,0,0.513624343647387,0
-0.0385256590818709,0,0.999257611225608,0,1,0,-0.999257611225608,0,-0.0385256590818709,0.0594538290959775,0,0.514032518168906,0
-0.0397649552416184,0,0.999209061375362,0,1,0,-0.999209061375362,0,-0.0397649552416184,0.0613760593744398,0,0.514446035132389,0
-0.0410272194070152,0,0.99915802917643,0,1,0,-0.99915802917643,0,-0.0410272194070152,0.0633345378113243,0,0.514864785596161,0
-0.0423125152611283,0,0.999104424498399,0,1,0,-0.999104424498399,0,-0.0423125152611283,0.0653293976968054,0,0.515288656232861,0
-0.0436209023154506,0,0.999048155436556,0,1,0,-0.999048155436556,0,-0.0436209023154506,0.0673607666138023,0,0.515717529347558,0
-0.0449524359227077,0,0.998989128321532,0,1,0,-0.998989128321532,0,-0.0449524359227077,0.0694287664538501,0,0.516151282897597,0
-0.0463071672895103,0,0.998927247730094,0,1,0,-0.998927247730094,0,-0.0463071672895103,0.0715335134322771,0,0.516589790514164,0
-0.0476851434888605,0,0.99886241649711,0,1,0,-0.99886241649711,0,-0.0476851434888605,0.0736751181026983,0,0.517032921525577,0
-0.0490864074725191,0,0.998794535728666,0,1,0,-0.998794535728666,0,-0.0490864074725191,0.0758536853708419,0,0.517480540982303,0
-0.0505109980832423,0,0.99872350481634,0,1,0,-0.99872350481634,0,-0.0505109980832423,0.078069314507718,0,0.517932509683701,0
-0.0519589500668982,0,0.998649221452631,0,1,0,-0.998649221452631,0,-0.0519589500668982,0.0803220991621492,0,0.518388684206476,0
-0.0534302940844684,0,0.998571581647529,0,1,0,-0.998571581647529,0,-0.0534302940844684,0.0826121273726745,0,0.518848916934865,0
-0.0549250567239483,0,0.998490479746237,0,1,0,-0.998490479746237,0,-0.0549250567239483,0.0849394815788453,0,0.519313056092527,0
-0.0564432605121528,0,0.998405808448026,0,1,0,-0.998405808448026,0,-0.0564432605121528,0.0873042386319284,0,0.519780945776153,0
-0.0579849239264388,0,0.998317458826222,0,1,0,-0.998317458826222,0,-0.0579849239264388,0.089706469805036,0,0.520252425990772,0
-0.0595500614063537,0,0.998225320349318,0,1,0,-0.998225320349318,0,-0.0595500614063537,0.0921462408026985,0,0.520727332686765,0
-0.0611386833652222,0,0.998129280903214,0,1,0,-0.998129280903214,0,-0.0611386833652222,0.0946236117699011,0,0.521205497798569,0
-0.0627507962016806,0,0.998029226814553,0,1,0,-0.998029226814553,0,-0.0627507962016806,0.0971386373006022,0,0.521686749285072,0
-0.0643864023111703,0,0.997925042875177,0,1,0,-0.997925042875177,0,-0.0643864023111703,0.0996913664457556,0,0.522170911171678,0
-0.0660455000974029,0,0.997816612367666,0,1,0,-0.997816612367666,0,-0.0660455000974029,0.102281842720856,0,0.52265780359405,0
-0.0677280839838076,0,0.997703817091968,0,1,0,-0.997703817091968,0,-0.0677280839838076,0.104910104113032,0,0.523147242843517,0
-0.0694341444249725,0,0.997586537393109,0,1,0,-0.997586537393109,0,-0.0694341444249725,0.107576183087701,0,0.523639041414118,0
-0.0711636679180943,0,0.997464652189963,0,1,0,-0.997464652189963,0,-0.0711636679180943,0.110280106594822,0,0.524133008051306,0
-0.0729166370144457,0,0.997338039005083,0,1,0,-0.997338039005083,0,-0.0729166370144457,0.113021896074761,0,0.524628947802265,0
-0.0746930303308759,0,0.997206573995574,0,1,0,-0.997206573995574,0,-0.0746930303308759,0.115801567463784,0,0.525126662067853,0
-0.076492822561356,0,0.997070131985006,0,1,0,-0.997070131985006,0,-0.076492822561356,0.118619131199229,0,0.525625948656152,0
-0.0783159844885824,0,0.996928586496337,0,1,0,-0.996928586496337,0,-0.0783159844885824,0.121474592224348,0,0.526126601837602,0
-0.0801624829956517,0,0.996781809785859,0,1,0,-0.996781809785859,0,-0.0801624829956517,0.124367949992875,0,0.526628412401721,0
-0.0820322810778208,0,0.996629672878131,0,1,0,-0.996629672878131,0,-0.0820322810778208,0.127299198473324,0,0.527131167715384,0
-0.083925337854366,0,0.996472045601898,0,1,0,-0.996472045601898,0,-0.083925337854366,0.130268326153051,0,0.527634651782654,0
-0.0858416085805538,0,0.996308796626981,0,1,0,-0.996308796626981,0,-0.0858416085805538,0.133275316042116,0,0.528138645306141,0
-0.0877810446597399,0,0.996139793502119,0,1,0,-0.996139793502119,0,-0.0877810446597399,0.136320145676954,0,0.528642925749883,0
-0.089743593655607,0,0.995964902693753,0,1,0,-0.995964902693753,0,-0.089743593655607,0.139402787123895,0,0.52914726740372,0
-0.0917291993045597,0,0.995783989625734,0,1,0,-0.995783989625734,0,-0.0917291993045597,0.142523206982557,0,0.529651441449157,0
-0.0937378015282872,0,0.995596918719942,0,1,0,-0.995596918719942,0,-0.0937378015282872,0.145681366389148,0,0.530155216026685,0
-0.0957693364465105,0,0.995403553437798,0,1,0,-0.995403553437798,0,-0.0957693364465105,0.148877221019684,0,0.530658356304549,0
-0.0978237363899283,0,0.995203756322651,0,1,0,-0.995203756322651,0,-0.0978237363899283,0.152110721093182,0,0.531160624548937,0
-0.0999009299133752,0,0.994997389043028,0,1,0,-0.994997389043028,0,-0.0999009299133752,0.155381811374829,0,0.53166178019558,0
-0.102000841809208,0,0.994784312436728,0,1,0,-0.994784312436728,0,-0.102000841809208,0.158690431179178,0,0.532161579922734,0
-0.104123393120936,0,0.994564386555734,0,1,0,-0.994564386555734,0,-0.104123393120936,0.162036514373384,0,0.532659777725519,0
-0.106268501157103,0,0.994337470711942,0,1,0,-0.994337470711942,0,-0.106268501157103,0.16541998938052,0,0.533156124991608,0
-0.108436079505448,0,0.994103423523673,0,1,0,-0.994103423523673,0,-0.108436079505448,0.168840779183001,0,0.533650370578229,0
-0.110626038047351,0,0.993862102962954,0,1,0,-0.993862102962954,0,-0.110626038047351,0.172298801326145,0,0.534142260890461,0
-0.112838282972572,0,0.993613366403553,0,1,0,-0.993613366403553,0,-0.112838282972572,0.175793967921896,0,0.534631539960805,0
-0.115072716794319,0,0.993357070669744,0,1,0,-0.993357070669744,0,-0.115072716794319,0.179326185652749,0,0.535117949530003,0
-0.117329238364637,0,0.993093072085781,0,1,0,-0.993093072085781,0,-0.117329238364637,0.182895355775904,0,0.535601229129069,0
-0.119607742890146,0,0.992821226526067,0,1,0,-0.992821226526067,0,-0.119607742890146,0.186501374127672,0,0.536081116162532,0
-0.121908121948135,0,0.99254138946599,0,1,0,-0.99254138946599,0,-0.121908121948135,0.190144131128175,0,0.53655734599284,0
-0.124230263503038,0,0.992253416033407,0,1,0,-0.992253416033407,0,-0.124230263503038,0.193823511786362,0,0.537029652025909,0
-0.126574051923288,0,0.991957161060759,0,1,0,-0.991957161060759,0,-0.126574051923288,0.197539395705372,0,0.53749776579779,0
-0.12893936799858,0,0.991652479137791,0,1,0,-0.991652479137791,0,-0.12893936799858,0.201291657088283,0,0.537961417062425,0
-0.131326088957551,0,0.991339224664854,0,1,0,-0.991339224664854,0,-0.131326088957551,0.205080164744263,0,0.538420333880467,0
-0.133734088485885,0,0.991017251906771,0,1,0,-0.991017251906771,0,-0.133734088485885,0.208904782095165,0,0.538874242709125,0
-0.136163236744868,0,0.990686415047244,0,1,0,-0.990686415047244,0,-0.136163236744868,0.21276536718259,0,0.53932286849302,0
-0.138613400390394,0,0.99034656824377,0,1,0,-0.99034656824377,0,-0.138613400390394,0.216661772675453,0,0.539765934756005,0
-0.141084442592451,0,0.989997565683056,0,1,0,-0.989997565683056,0,-0.141084442592451,0.220593845878068,0,0.540203163693937,0
-0.143576223055083,0,0.989639261636904,0,1,0,-0.989639261636904,0,-0.143576223055083,0.224561428738806,0,0.54063427626835,0
-0.146088598036847,0,0.989271510518537,0,1,0,-0.989271510518537,0,-0.146088598036847,0.228564357859324,0,0.54105899230102,0
-0.148621420371794,0,0.98889416693935,0,1,0,-0.98889416693935,0,-0.148621420371794,0.23260246450443,0,0.541477030569364,0
-0.151174539490951,0,0.988507085766055,0,1,0,-0.988507085766055,0,-0.151174539490951,0.23667557461257,0,0.541888108902667,0
-0.153747801444357,0,0.988110122178205,0,1,0,-0.988110122178205,0,-0.153747801444357,0.240783508807009,0,0.542291944279084,0
-0.156341048923629,0,0.987703131726056,0,1,0,-0.987703131726056,0,-0.156341048923629,0.244926082407701,0,0.542688252923393,0
-0.158954121285096,0,0.987285970388764,0,1,0,-0.987285970388764,0,-0.158954121285096,0.249103105443892,0,0.543076750405468,0
-0.161586854573495,0,0.986858494632865,0,1,0,-0.986858494632865,0,-0.161586854573495,0.253314382667478,0,0.543457151739419,0
-0.164239081546253,0,0.986420561471041,0,1,0,-0.986420561471041,0,-0.164239081546253,0.257559713567147,0,0.543829171483397,0
-0.166910631698351,0,0.985972028521123,0,1,0,-0.985972028521123,0,-0.166910631698351,0.261838892383328,0,0.544192523839995,0
-0.169601331287795,0,0.985512754065318,0,1,0,-0.985512754065318,0,-0.169601331287795,0.266151708123977,0,0.544546922757226,0
-0.172311003361694,0,0.985042597109631,0,1,0,-0.985042597109631,0,-0.172311003361694,0.270497944581226,0,0.544892082030051,0
-0.175039467782961,0,0.984561417443451,0,1,0,-0.984561417443451,0,-0.175039467782961,0.274877380348908,0,0.54522771540239,0
-0.177786541257635,0,0.984069075699286,0,1,0,-0.984069075699286,0,-0.177786541257635,0.279289788841004,0,0.545553536669618,0
-0.180552037362851,0,0.983565433412604,0,1,0,-0.983565433412604,0,-0.180552037362851,0.283734938311013,0,0.545869259781474,0
-0.183335766575448,0,0.98305035308177,0,1,0,-0.98305035308177,0,-0.183335766575448,0.288212591872289,0,0.546174598945367,0
-0.186137536301232,0,0.982523698228041,0,1,0,-0.982523698228041,0,-0.186137536301232,0.292722507519345,0,0.546469268730035,0
-0.188957150904906,0,0.981985333455597,0,1,0,-0.981985333455597,0,-0.188957150904906,0.297264438150172,0,0.546752984169512,0
-0.191794411740656,0,0.981435124511578,0,1,0,-0.981435124511578,0,-0.191794411740656,0.301838131589572,0,0.547025460867377,0
-0.194649117183426,0,0.9808729383461,0,1,0,-0.9808729383461,0,-0.194649117183426,0.306443330613533,0,0.547286415101229,0
-0.197521062660861,0,0.980298643172235,0,1,0,-0.980298643172235,0,-0.197521062660861,0.311079772974681,0,0.547535563927371,0
-0.200410040685947,0,0.979712108525896,0,1,0,-0.979712108525896,0,-0.200410040685947,0.315747191428797,0,0.547772625285637,0
-0.203315840890332,0,0.979113205325644,0,1,0,-0.979113205325644,0,-0.203315840890332,0.320445313762449,0,0.547997318104344,0
-0.206238250058352,0,0.978501805932349,0,1,0,-0.978501805932349,0,-0.206238250058352,0.32517386282174,0,0.54820936240532,0
-0.209177052161753,0,0.977877784208701,0,1,0,-0.977877784208701,0,-0.209177052161753,0.32993255654219,0,0.548408479408962,0
-0.212132028395116,0,0.977241015578539,0,1,0,-0.977241015578539,0,-0.212132028395116,0.334721107979774,0,0.548594391639292,0
-0.215102957211991,0,0.976591377085962,0,1,0,-0.976591377085962,0,-0.215102957211991,0.339539225343129,0,0.548766823028971,0
-0.21808961436174,0,0.975928747454212,0,1,0,-0.975928747454212,0,-0.21808961436174,0.344386612026942,0,0.548925499024217,0
-0.221091772927089,0,0.975253007144278,0,1,0,-0.975253007144278,0,-0.221091772927089,0.349262966646539,0,0.549070146689603,0
-0.224109203362399,0,0.974564038413213,0,1,0,-0.974564038413213,0,-0.224109203362399,0.354167983073681,0,0.549200494812675,0
-0.227141673532644,0,0.973861725372134,0,1,0,-0.973861725372134,0,-0.227141673532644,0.359101350473587,0,0.549316274008369,0
-0.230188948753107,0,0.973145954043863,0,1,0,-0.973145954043863,0,-0.230188948753107,0.364062753343186,0,0.549417216823165,0
-0.23325079182979,0,0.972416612420199,0,1,0,-0.972416612420199,0,-0.23325079182979,0.369051871550619,0,0.549503057838949,0
-0.236326963100539,0,0.97167359051879,0,1,0,-0.97167359051879,0,-0.236326963100539,0.374068380375994,0,0.549573533776539,0
-0.239417220476877,0,0.970916780439563,0,1,0,-0.970916780439563,0,-0.239417220476877,0.3791119505534,0,0.549628383598827,0
-0.242521319486552,0,0.970146076420712,0,1,0,-0.970146076420712,0,-0.242521319486552,0.384182248314198,0,0.549667348613501,0
-0.245639013316789,0,0.96936137489419,0,1,0,-0.96936137489419,0,-0.245639013316789,0.389278935431588,0,0.549690172575302,0
-0.24877005285825,0,0.968562574540697,0,1,0,-0.968562574540697,0,-0.24877005285825,0.394401669266456,0,0.549696601787776,0
-0.251914186749695,0,0.967749576344128,0,1,0,-0.967749576344128,0,-0.251914186749695,0.399550102814517,0,0.549686385204477,0
-0.255071161423341,0,0.966922283645458,0,1,0,-0.966922283645458,0,-0.255071161423341,0.404723884754743,0,0.549659274529574,0
-0.258240721150908,0,0.966080602196038,0,1,0,-0.966080602196038,0,-0.258240721150908,0.40992265949909,0,0.549615024317834,0
-0.261422608090362,0,0.965224440210272,0,1,0,-0.965224440210272,0,-0.261422608090362,0.415146067243527,0,0.549553392073924,0
-0.26461656233333,0,0.964353708417659,0,1,0,-0.964353708417659,0,-0.26461656233333,0.420393744020361,0,0.549474138350993,0
-0.267822321953197,0,0.963468320114158,0,1,0,-0.963468320114158,0,-0.267822321953197,0.425665321751853,0,0.549377026848505,0
-0.271039623053864,0,0.962568191212872,0,1,0,-0.962568191212872,0,-0.271039623053864,0.43096042830515,0,0.549261824509262,0
-0.274268199819176,0,0.961653240293999,0,1,0,-0.961653240293999,0,-0.274268199819176,0.436278687548497,0,0.549128301615588,0
-0.277507784562988,0,0.960723388654061,0,1,0,-0.960723388654061,0,-0.277507784562988,0.441619719408751,0,0.548976231884631,0
-0.280758107779891,0,0.959778560354343,0,1,0,-0.959778560354343,0,-0.280758107779891,0.446983139930186,0,0.548805392562738,0
-0.284018898196554,0,0.958818682268559,0,1,0,-0.958818682268559,0,-0.284018898196554,0.452368561334573,0,0.548615564518867,0
-0.287289882823706,0,0.957843684129692,0,1,0,-0.957843684129692,0,-0.287289882823706,0.457775592082553,0,0.548406532336986,0
-0.29057078700872,0,0.956853498576001,0,1,0,-0.956853498576001,0,-0.29057078700872,0.463203836936272,0,0.548178084407438,0
-0.293861334488806,0,0.95584806119616,0,1,0,-0.95584806119616,0,-0.293861334488806,0.468652897023285,0,0.547930013017201,0
-0.297161247444787,0,0.954827310573518,0,1,0,-0.954827310573518,0,-0.297161247444787,0.47412236990171,0,0.54766211443904,0
-0.300470246555464,0,0.953791188329447,0,1,0,-0.953791188329447,0,-0.300470246555464,0.479611849626638,0,0.547374189019478,0
-0.303788051052537,0,0.952739639165759,0,1,0,-0.952739639165759,0,-0.303788051052537,0.485120926817767,0,0.54706604126557,0
-0.307114378776084,0,0.951672610906177,0,1,0,-0.951672610906177,0,-0.307114378776084,0.490649188728267,0,0.54673747993043,0
-0.310448946230574,0,0.950590054536826,0,1,0,-0.950590054536826,0,-0.310448946230574,0.496196219314847,0,0.546388318097473,0
-0.313791468641409,0,0.949491924245734,0,1,0,-0.949491924245734,0,-0.313791468641409,0.501761599309027,0,0.546018373263344,0
-0.317141660011971,0,0.948378177461318,0,1,0,-0.948378177461318,0,-0.317141660011971,0.507344906289585,0,0.54562746741948,0
-0.320499233181164,0,0.947248774889831,0,1,0,-0.947248774889831,0,-0.320499233181164,0.512945714756173,0,0.545215427132285,0
-0.323863899881435,0,0.946103680551761,0,1,0,-0.946103680551761,0,-0.323863899881435,0.518563596204083,0,0.544782083621865,0
-0.327235370797256,0,0.944942861817148,0,1,0,-0.944942861817148,0,-0.327235370797256,0.524198119200137,0,0.544327272839309,0
-0.330613355624047,0,0.943766289439821,0,1,0,-0.943766289439821,0,-0.330613355624047,0.529848849459703,0,0.543850835542451,0
-0.333997563127532,0,0.942573937590505,0,1,0,-0.942573937590505,0,-0.333997563127532,0.535515349924788,0,0.543352617370108,0
-0.337387701203499,0,0.941365783888823,0,1,0,-0.941365783888823,0,-0.337387701203499,0.541197180843218,0,0.542832468914738,0
-0.340783476937953,0,0.94014180943413,0,1,0,-0.94014180943413,0,-0.340783476937953,0.546893899848862,0,0.542290245793496,0
-0.344184596667639,0,0.9389019988352,0,1,0,-0.9389019988352,0,-0.344184596667639,0.552605062042884,0,0.541725808717653,0
-0.347590766040924,0,0.93764634023873,0,1,0,-0.93764634023873,0,-0.347590766040924,0.558330220076007,0,0.541139023560337,0
-0.351001690079002,0,0.936374825356643,0,1,0,-0.936374825356643,0,-0.351001690079002,0.564068924231751,0,0.540529761422581,0
-0.354417073237423,0,0.935087449492195,0,1,0,-0.935087449492195,0,-0.354417073237423,0.569820722510637,0,0.539897898697629,0
-0.357836619467903,0,0.933784211564847,0,1,0,-0.933784211564847,0,-0.357836619467903,0.575585160715313,0,0.539243317133485,0
-0.361260032280419,0,0.932465114133902,0,1,0,-0.932465114133902,0,-0.361260032280419,0.58136178253659,0,0.53856590389366,0
-0.36468701480554,0,0.931130163420896,0,1,0,-0.931130163420896,0,-0.36468701480554,0.587150129640358,0,0.537865551616107,0
-0.368117269857001,0,0.929779369330718,0,1,0,-0.929779369330718,0,-0.368117269857001,0.592949741755342,0,0.537142158470296,0
-0.371550499994473,0,0.928412745471462,0,1,0,-0.928412745471462,0,-0.371550499994473,0.598760156761688,0,0.536395628212418,0
-0.374986407586523,0,0.927030309172982,0,1,0,-0.927030309172982,0,-0.374986407586523,0.604580910780335,0,0.535625870238678,0
-0.378424694873737,0,0.925632081504157,0,1,0,-0.925632081504157,0,-0.378424694873737,0.610411538263146,0,0.534832799636668,0
-0.381865064031977,0,0.924218087288846,0,1,0,-0.924218087288846,0,-0.381865064031977,0.616251572083773,0,0.534016337234774,0
-0.385307217235762,0,0.922788355120519,0,1,0,-0.922788355120519,0,-0.385307217235762,0.622100543629214,0,0.533176409649612,0
-0.388750856721732,0,0.921342917375566,0,1,0,-0.921342917375566,0,-0.388750856721732,0.627957982892041,0,0.53231294933146,0
-0.392195684852189,0,0.919881810225271,0,1,0,-0.919881810225271,0,-0.392195684852189,0.63382341856325,0,0.531425894607664,0
-0.395641404178681,0,0.918405073646439,0,1,0,-0.918405073646439,0,-0.395641404178681,0.639696378125725,0,0.530515189724004,0
-0.399087717505603,0,0.916912751430674,0,1,0,-0.916912751430674,0,-0.399087717505603,0.645576387948247,0,0.529580784883988,0
-0.402534327953798,0,0.915404891192299,0,1,0,-0.915404891192299,0,-0.402534327953798,0.651462973380049,0,0.528622636286062,0
-0.405980939024133,0,0.913881544374917,0,1,0,-0.913881544374917,0,-0.405980939024133,0.657355658845852,0,0.527640706158724,0
-0.409427254661012,0,0.912342766256601,0,1,0,-0.912342766256601,0,-0.409427254661012,0.663253967941365,0,0.526634962793505,0
-0.412872979315824,0,0.91078861595371,0,1,0,-0.91078861595371,0,-0.412872979315824,0.669157423529209,0,0.52560538057582,0
-0.416317818010278,0,0.909219156423335,0,1,0,-0.909219156423335,0,-0.416317818010278,0.675065547835214,0,0.524551940013665,0
-0.419761476399616,0,0.907634454464359,0,1,0,-0.907634454464359,0,-0.419761476399616,0.680977862545075,0,0.523474627764142,0
-0.423203660835672,0,0.906034580717141,0,1,0,-0.906034580717141,0,-0.423203660835672,0.686893888901311,0,0.522373436657806,0
-0.426644078429751,0,0.904419609661814,0,1,0,-0.904419609661814,0,-0.426644078429751,0.692813147800495,0,0.521248365720818,0
-0.430082437115306,0,0.902789619615201,0,1,0,-0.902789619615201,0,-0.430082437115306,0.69873515989072,0,0.520099420194887,0
-0.433518445710384,0,0.901144692726342,0,1,0,-0.901144692726342,0,-0.433518445710384,0.704659445669252,0,0.518926611555005,0
-0.436951813979821,0,0.899484914970642,0,1,0,-0.899484914970642,0,-0.436951813979821,0.710585525580343,0,0.517729957524944,0
-0.440382252697154,0,0.897810376142635,0,1,0,-0.897810376142635,0,-0.440382252697154,0.716512920113159,0,0.516509482090529,0
-0.443809473706227,0,0.89612116984736,0,1,0,-0.89612116984736,0,-0.443809473706227,0.722441149899778,0,0.515265215510664,0
-0.447233189982471,0,0.894417393490368,0,1,0,-0.894417393490368,0,-0.447233189982471,0.728369735813231,0,0.513997194326111,0
-0.450653115693819,0,0.892699148266343,0,1,0,-0.892699148266343,0,-0.450653115693819,0.734298199065525,0,0.512705461366016,0
-0.454068966261251,0,0.890966539146358,0,1,0,-0.890966539146358,0,-0.454068966261251,0.740226061305638,0,0.511390065752172,0
-0.457480458418923,0,0.889219674863761,0,1,0,-0.889219674863761,0,-0.457480458418923,0.746152844717416,0,0.510051062901033,0
-0.46088731027387,0,0.88745866789869,0,1,0,-0.88745866789869,0,-0.46088731027387,0.752078072117347,0,0.508688514523448,0
-0.464289241365246,0,0.885683634461247,0,1,0,-0.885683634461247,0,-0.464289241365246,0.75800126705217,0,0.507302488622148,0
-0.467685972723092,0,0.883894694473304,0,1,0,-0.883894694473304,0,-0.467685972723092,0.763921953896275,0,0.505893059486955,0
-0.471077226926587,0,0.882091971548974,0,1,0,-0.882091971548974,0,-0.471077226926587,0.769839657948852,0,0.504460307687733,0
-0.474462728161778,0,0.880275592973748,0,1,0,-0.880275592973748,0,-0.474462728161778,0.775753905530762,0,0.503004320065082,0
-0.477842202278746,0,0.878445689682292,0,1,0,-0.878445689682292,0,-0.477842202278746,0.781664224081064,0,0.501525189718766,0
-0.481215376848202,0,0.876602396234942,0,1,0,-0.876602396234942,0,-0.481215376848202,0.787570142253182,0,0.500023015993893,0
-0.484581981217473,0,0.874745850792874,0,1,0,-0.874745850792874,0,-0.484581981217473,0.793471190010662,0,0.498497904464842,0
-0.487941746565865,0,0.872876195091981,0,1,0,-0.872876195091981,0,-0.487941746565865,0.799366898722472,0,0.496949966916955,0
-0.491294405959372,0,0.870993574415465,0,1,0,-0.870993574415465,0,-0.491294405959372,0.80525680125782,0,0.495379321325987,0
-0.494639694404721,0,0.869098137565146,0,1,0,-0.869098137565146,0,-0.494639694404721,0.811140432080432,0,0.493786091835333,0
-0.49797734890271,0,0.867190036831506,0,1,0,-0.867190036831506,0,-0.49797734890271,0.817017327342268,0,0.492170408731036,0
-0.501307108500836,0,0.865269427962488,0,1,0,-0.865269427962488,0,-0.501307108500836,0.822887024976626,0,0.490532408414595,0
-0.504628714345183,0,0.863336470131042,0,1,0,-0.863336470131042,0,-0.504628714345183,0.828749064790598,0,0.488872233373568,0
-0.507941909731535,0,0.861391325901463,0,1,0,-0.861391325901463,0,-0.507941909731535,0.834602988556831,0,0.487190032150005,0
-0.511246440155732,0,0.859434161194499,0,1,0,-0.859434161194499,0,-0.511246440155732,0.840448340104581,0,0.485485959306699,0
-0.51454205336319,0,0.857465145251276,0,1,0,-0.857465145251276,0,-0.51454205336319,0.846284665409977,0,0.483760175391295,0
-0.517828499397622,0,0.855484450596039,0,1,0,-0.855484450596039,0,-0.517828499397622,0.852111512685511,0,0.482012846898252,0
-0.521105530648898,0,0.853492252997724,0,1,0,-0.853492252997724,0,-0.521105530648898,0.857928432468664,0,0.480244146228688,0
-0.524372901900052,0,0.85148873143038,0,1,0,-0.85148873143038,0,-0.524372901900052,0.863734977709676,0,0.478454251648115,0
-0.527630370373392,0,0.849474068032472,0,1,0,-0.849474068032472,0,-0.527630370373392,0.869530703858395,0,0.476643347242097,0
-0.530877695775721,0,0.84744844806505,0,1,0,-0.84744844806505,0,-0.530877695775721,0.875315168950177,0,0.474811622869828,0
-0.534114640342621,0,0.845412059868838,0,1,0,-0.845412059868838,0,-0.534114640342621,0.881087933690805,0,0.472959274115676,0
-0.537340968881818,0,0.843365094820238,0,1,0,-0.843365094820238,0,-0.537340968881818,0.886848561540398,0,0.471086502238692,0
-0.54055644881557,0,0.841307747286271,0,1,0,-0.841307747286271,0,-0.54055644881557,0.892596618796257,0,0.469193514120122,0
-0.543760850222095,0,0.839240214578487,0,1,0,-0.839240214578487,0,-0.543760850222095,0.898331674674627,0,0.467280522208934,0
-0.546953945876004,0,0.837162696905846,0,1,0,-0.837162696905846,0,-0.546953945876004,0.904053301391354,0,0.465347744465392,0
-0.550135511287729,0,0.835075397326606,0,1,0,-0.835075397326606,0,-0.550135511287729,0.909761074241374,0,0.463395404302692,0
-0.553305324741936,0,0.832978521699221,0,1,0,-0.832978521699221,0,-0.553305324741936,0.915454571677036,0,0.461423730526699,0
-0.556463167334892,0,0.830872278632294,0,1,0,-0.830872278632294,0,-0.556463167334892,0.921133375385203,0,0.459432957273798,0
-0.559608823010789,0,0.828756879433576,0,1,0,-0.828756879433576,0,-0.559608823010789,0.926797070363112,0,0.45742332394689,0
-0.56274207859701,0,0.826632538058064,0,1,0,-0.826632538058064,0,-0.56274207859701,0.932445244992971,0,0.455395075149572,0
-0.565862723838305,0,0.824499471055194,0,1,0,-0.824499471055194,0,-0.565862723838305,0.938077491115241,0,0.453348460618503,0
-0.568970551429895,0,0.822357897515164,0,1,0,-0.822357897515164,0,-0.568970551429895,0.943693404100609,0,0.451283735154021,0
-0.572065357049466,0,0.820208039014412,0,1,0,-0.820208039014412,0,-0.572065357049466,0.949292582920589,0,0.449201158549008,0
-0.575146939388051,0,0.818050119560261,0,1,0,-0.818050119560261,0,-0.575146939388051,0.954874630216752,0,0.447100995516053,0
-0.5782151001798,0,0.815884365534763,0,1,0,-0.815884365534763,0,-0.5782151001798,0.960439152368556,0,0.444983515612937,0
-0.581269644230609,0,0.813711005637764,0,1,0,-0.813711005637764,0,-0.581269644230609,0.965985759559727,0,0.442848993166478,0
-0.584310379445614,0,0.811530270829205,0,1,0,-0.811530270829205,0,-0.584310379445614,0.971514065843209,0,0.440697707194759,0
-0.587337116855534,0,0.8093423942707,0,1,0,-0.8093423942707,0,-0.587337116855534,0.977023689204626,0,0.438529941327779,0
-0.590349670641858,0,0.807147611266396,0,1,0,-0.807147611266396,0,-0.590349670641858,0.98251425162425,0,0.43634598372656,0
-0.593347858160869,0,0.804946159203154,0,1,0,-0.804946159203154,0,-0.593347858160869,0.987985379137448,0,0.434146127000748,0
-0.596331499966494,0,0.802738277490062,0,1,0,-0.802738277490062,0,-0.596331499966494,0.993436701893599,0,0.431930668124723,0
-0.599300419831983,0,0.800524207497318,0,1,0,-0.800524207497318,0,-0.599300419831983,0.998867854213449,0,0.429699908352289,0
-0.602254444770402,0,0.7983041924945,0,1,0,-0.7983041924945,0,-0.602254444770402,1.0042784746449,0,0.427454153129942,0
-0.605193405053939,0,0.796078477588246,0,1,0,-0.796078477588246,0,-0.605193405053939,1.00966820601719,0,0.425193712008778,0
-0.608117134232029,0,0.793847309659373,0,1,0,-0.793847309659373,0,-0.608117134232029,1.01503669549349,0,0.422918898555069,0
-0.611025469148273,0,0.791610937299462,0,1,0,-0.791610937299462,0,-0.611025469148273,1.02038359462189,0,0.420630030259538,0
-0.613918249956174,0,0.789369610746923,0,1,0,-0.789369610746923,0,-0.613918249956174,1.02570855938469,0,0.418327428445383,0
-0.616795320133664,0,0.787123581822582,0,1,0,-0.787123581822582,0,-0.616795320133664,1.03101125024613,0,0.416011418175076,0
-0.619656526496447,0,0.784873103864796,0,1,0,-0.784873103864796,0,-0.619656526496447,1.0362913321984,0,0.413682328155984,0
-0.622501719210127,0,0.782618431664139,0,1,0,-0.782618431664139,0,-0.622501719210127,1.04154847480598,0,0.411340490644845,0
-0.625330751801153,0,0.780359821397671,0,1,0,-0.780359821397671,0,-0.625330751801153,1.04678235224838,0,0.408986241351134,0
-0.628143481166556,0,0.778097530562821,0,1,0,-0.778097530562821,0,-0.628143481166556,1.05199264336109,0,0.406619919339376,0
-0.630939767582496,0,0.775831817910909,0,1,0,-0.775831817910909,0,-0.630939767582496,1.05717903167489,0,0.404241866930416,0
-0.633719474711616,0,0.773562943380326,0,1,0,-0.773562943380326,0,-0.633719474711616,1.06234120545346,0,0.40185242960171,0
-0.636482469609203,0,0.771291168029409,0,1,0,-0.771291168029409,0,-0.636482469609203,1.06747885772932,0,0.399451955886671,0
-0.639228622728164,0,0.769016753969024,0,1,0,-0.769016753969024,0,-0.639228622728164,1.07259168633795,0,0.397040797273101,0
-0.641957807922822,0,0.766739964294887,0,1,0,-0.766739964294887,0,-0.641957807922822,1.07767939395032,0,0.39461930810075,0
-0.644669902451534,0,0.764461063019648,0,1,0,-0.764461063019648,0,-0.644669902451534,1.08274168810365,0,0.392187845458057,0
-0.647364786978141,0,0.762180315004754,0,1,0,-0.762180315004754,0,-0.647364786978141,1.08777828123047,0,0.389746769078095,0
-0.650042345572246,0,0.759897985892141,0,1,0,-0.759897985892141,0,-0.650042345572246,1.09278889068594,0,0.387296441233768,0
-0.652702465708346,0,0.757614342035739,0,1,0,-0.757614342035739,0,-0.652702465708346,1.0977732387735,0,0.384837226632297,0
-0.655345038263806,0,0.75532965043285,0,1,0,-0.75532965043285,0,-0.655345038263806,1.10273105276878,0,0.38236949230904,0
-0.657969957515697,0,0.753044178655404,0,1,0,-0.753044178655404,0,-0.657969957515697,1.10766206494184,0,0.379893607520684,0
-0.660577121136503,0,0.750758194781123,0,1,0,-0.750758194781123,0,-0.660577121136503,1.11256601257765,0,0.377409943637841,0
-0.663166430188698,0,0.748471967324614,0,1,0,-0.748471967324614,0,-0.663166430188698,1.11744263799491,0,0.374918874037103,0
-0.665737789118228,0,0.746185765168416,0,1,0,-0.746185765168416,0,-0.665737789118228,1.12229168856322,0,0.37242077399258,0
-0.668291105746873,0,0.743899857494019,0,1,0,-0.743899857494019,0,-0.668291105746873,1.12711291671851,0,0.369916020566973,0
-0.670826291263539,0,0.74161451371289,0,1,0,-0.74161451371289,0,-0.670826291263539,1.13190607997681,0,0.367404992502215,0
-0.673343260214459,0,0.73933000339751,0,1,0,-0.73933000339751,0,-0.673343260214459,1.13667094094637,0,0.364888070109719,0
-0.675841930492342,0,0.737046596212467,0,1,0,-0.737046596212467,0,-0.675841930492342,1.14140726733815,0,0.362365635160275,0
-0.678322223324464,0,0.7347645618456,0,1,0,-0.7347645618456,0,-0.678322223324464,1.14611483197463,0,0.359838070773637,0
-0.680784063259727,0,0.732484169939239,0,1,0,-0.732484169939239,0,-0.680784063259727,1.15079341279706,0,0.357305761307831,0
-0.6832273781547,0,0.730205690021554,0,1,0,-0.730205690021554,0,-0.6832273781547,1.15544279287098,0,0.354769092248228,0
-0.685652099158648,0,0.727929391438029,0,1,0,-0.727929391438029,0,-0.685652099158648,1.1600627603903,0,0.352228450096423,0
-0.688058160697575,0,0.725655543283085,0,1,0,-0.725655543283085,0,-0.688058160697575,1.16465310867967,0,0.349684222258948,0
-0.690445500457294,0,0.72338441433188,0,1,0,-0.72338441433188,0,-0.690445500457294,1.16921363619538,0,0.347136796935873,0
